-3.0 -1.4745272701840149
-2.99 -1.4580579164635683
-2.98 -1.4416435522380144
-2.97 -1.4252841775073541
-2.96 -1.4089797922715848
-2.95 -1.3927303965307098
-2.94 -1.3765359902847276
-2.93 -1.360396573533639
-2.92 -1.344312146277443
-2.91 -1.3282827085161406
-2.9 -1.3123082602497291
-2.89 -1.2963888014782121
-2.88 -1.2805243322015878
-2.87 -1.264714852419858
-2.86 -1.248960362133019
-2.85 -1.2332608613410736
-2.84 -1.217616350044021
-2.83 -1.2020268282418618
-2.82 -1.1864922959345954
-2.81 -1.1710127531222225
-2.8 -1.1555881998047424
-2.79 -1.140218635982155
-2.78 -1.1249040616544592
-2.77 -1.109644476821658
-2.76 -1.0944398814837504
-2.75 -1.0792902756407345
-2.74 -1.0641956592926123
-2.73 -1.0491560324393827
-2.7199999999999998 -1.0341713950810454
-2.71 -1.019241747217603
-2.7 -1.0043670888490523
-2.69 -0.9895474199753944
-2.68 -0.9747827405966301
-2.67 -0.960073050712758
-2.66 -0.9454183503237803
-2.65 -0.9308186394296936
-2.64 -0.9162739180305013
-2.63 -0.9017841861262013
-2.62 -0.8873494437167948
-2.61 -0.8729696908022806
-2.6 -0.8586449273826608
-2.59 -0.844375153457932
-2.58 -0.8301603690280972
-2.57 -0.8160005740931551
-2.56 -0.801895768653107
-2.55 -0.7878459527079511
-2.54 -0.7738511262576884
-2.53 -0.7599112893023174
-2.52 -0.746026441841841
-2.51 -0.7321965838762563
-2.5 -0.7184217154055661
-2.49 -0.7047018364297686
-2.48 -0.6910369469488629
-2.4699999999999998 -0.6774270469628503
-2.46 -0.6638721364717313
-2.45 -0.6503722154755058
-2.44 -0.6369272839741726
-2.4299999999999997 -0.6235373419677321
-2.42 -0.6102023894561852
-2.41 -0.596922426439531
-2.4 -0.5836974529177694
-2.39 -0.5705274688909014
-2.38 -0.5574124743589262
-2.37 -0.544352469321844
-2.36 -0.5313474537796545
-2.35 -0.5183974277323578
-2.34 -0.5055023911799545
-2.33 -0.4926623441224445
-2.32 -0.47987728655982664
-2.31 -0.4671472184921024
-2.3 -0.4544721399192708
-2.29 -0.4418520508413333
-2.2800000000000002 -0.4292869512582871
-2.27 -0.41677684117013447
-2.26 -0.40432172057687454
-2.25 -0.3919215894785082
-2.24 -0.3795764478750354
-2.23 -0.36728629576645444
-2.2199999999999998 -0.35505113315276615
-2.21 -0.3428709600339719
-2.2 -0.3307457764100703
-2.19 -0.3186755822810614
-2.1799999999999997 -0.3066603776469461
-2.17 -0.29470016250772346
-2.16 -0.2827949368633931
-2.15 -0.2709447007139558
-2.14 -0.25914945405941303
-2.13 -0.24740919689976204
-2.12 -0.23572392923500463
-2.11 -0.22409365106513945
-2.1 -0.21251836239016741
-2.09 -0.20099806321008762
-2.08 -0.18953275352490273
-2.07 -0.1781224333346092
-2.06 -0.16676710263920969
-2.05 -0.15546676143870242
-2.04 -0.14422140973308784
-2.0300000000000002 -0.13303104752236772
-2.02 -0.12189567480653984
-2.01 -0.11081529158560421
-2.0 -0.09978989785956216
-1.99 -0.08881949362841324
-1.98 -0.07790407889215745
-1.97 -0.06704365365079434
-1.96 -0.05623821790432393
-1.95 -0.0454877716527462
-1.94 -0.03479231489606249
-1.93 -0.02415184763427103
-1.92 -0.01356636986737314
-1.91 -0.0030358815953674956
-1.9 0.0074396171817454615
-1.89 0.0178601264639644
-1.88 0.028225646251291092
-1.8699999999999999 0.038536176543723766
-1.8599999999999999 0.048791717341264196
-1.8499999999999999 0.05899226864391194
-1.84 0.06913783045166655
-1.83 0.07922840276452803
-1.82 0.08926398558249593
-1.81 0.09924457890557159
-1.8 0.10917018273375412
-1.79 0.11904079706704396
-1.78 0.1288564219054411
-1.77 0.13861705724894424
-1.76 0.14832270309755424
-1.75 0.15797335945127244
-1.74 0.16756902631009707
-1.73 0.17710970367402945
-1.72 0.1865953915430678
-1.71 0.19602608991721304
-1.7 0.20540179879646603
-1.69 0.21472251818082566
-1.68 0.2239882480702926
-1.67 0.23319898846486709
-1.66 0.24235473936454732
-1.65 0.2514555007693353
-1.64 0.26050127267922996
-1.63 0.26949205509423213
-1.6199999999999999 0.2784278480143414
-1.6099999999999999 0.2873086514395573
-1.5999999999999999 0.29613446536987986
-1.59 0.30490528980530973
-1.58 0.31362112474584714
-1.57 0.3222819701914914
-1.56 0.3308878261422419
-1.55 0.3394386925980999
-1.54 0.3479345695590652
-1.53 0.3563754570251376
-1.52 0.3647613549963167
-1.51 0.37309226347260305
-1.5 0.3813681824539956
-1.49 0.38958911194049617
-1.48 0.3977550519321038
-1.47 0.4058660024288179
-1.46 0.4139219634306395
-1.45 0.42192293493756705
-1.44 0.42986891694960216
-1.43 0.4377599094667448
-1.42 0.44559591248899477
-1.41 0.4533769260163514
-1.4 0.4611029500488142
-1.39 0.46877398458638453
-1.38 0.4763900296290624
-1.3699999999999999 0.4839510851768467
-1.3599999999999999 0.4914571512297383
-1.3499999999999999 0.498908227787737
-1.3399999999999999 0.5063043148508424
-1.33 0.5136454124190548
-1.32 0.5209315204923743
-1.31 0.5281626390708012
-1.3 0.5353387681543349
-1.29 0.5424599077429753
-1.28 0.5495260578367234
-1.27 0.5565372184355781
-1.26 0.5634933895395393
-1.25 0.5703945711486083
-1.24 0.5772407632627838
-1.23 0.5840319658820667
-1.22 0.5907681790064567
-1.21 0.5974494026359534
-1.2 0.6040756367705575
-1.19 0.6106468814102686
-1.18 0.6171631365550865
-1.17 0.6236244022050113
-1.16 0.6300306783600431
-1.15 0.6363819650201819
-1.14 0.6426782621854281
-1.13 0.6489195698557813
-1.1199999999999999 0.6551058880312413
-1.1099999999999999 0.6612372167118084
-1.0999999999999999 0.6673135558974825
-1.0899999999999999 0.6733349055882636
-1.08 0.6793012657841517
-1.07 0.6852126364851467
-1.06 0.6910690176912491
-1.05 0.6968704094024583
-1.04 0.7026168116187743
-1.03 0.7083082243401979
-1.02 0.7139446475667277
-1.01 0.719526081298365
-1.0 0.7250525255351096
-0.9899999999999998 0.7305239802769606
-0.98 0.735940445523919
-0.9699999999999998 0.7413019212759847
-0.96 0.7466084075331567
-0.9500000000000002 0.7518599042954363
-0.94 0.7570564115628226
-0.9300000000000002 0.762197929335316
-0.9199999999999999 0.7672844576129167
-0.9100000000000001 0.772315996395624
-0.8999999999999999 0.7772925456834386
-0.8900000000000001 0.7822141054763598
-0.8799999999999999 0.7870806757743887
-0.8700000000000001 0.7918922565775244
-0.8599999999999999 0.7966488478857667
-0.8500000000000001 0.8013504496991165
-0.8399999999999999 0.8059970620175734
-0.8300000000000001 0.8105886848411368
-0.8199999999999998 0.8151253181698077
-0.81 0.8196069620035851
-0.7999999999999998 0.82403361634247
-0.79 0.828405281186462
-0.7799999999999998 0.8327219565355605
-0.77 0.8369836423897663
-0.7599999999999998 0.8411903387490794
-0.75 0.8453420456134989
-0.7399999999999998 0.849438762983026
-0.73 0.8534804908576596
-0.7199999999999998 0.8574672292374007
-0.71 0.8613989781222487
-0.6999999999999997 0.8652757375122035
-0.69 0.8690975074072657
-0.6800000000000002 0.8728642878074343
-0.6699999999999999 0.8765760787127106
-0.6600000000000001 0.8802328801230938
-0.6499999999999999 0.8838346920385836
-0.6400000000000001 0.8873815144591808
-0.6299999999999999 0.8908733473848851
-0.6200000000000001 0.894310190815696
-0.6099999999999999 0.8976920447516142
-0.6000000000000001 0.9010189091926392
-0.5899999999999999 0.9042907841387715
-0.5800000000000001 0.9075076695900108
-0.5699999999999998 0.9106695655463568
-0.56 0.9137764720078103
-0.5499999999999998 0.9168283889743708
-0.54 0.9198253164460378
-0.5299999999999998 0.9227672544228123
-0.52 0.9256542029046932
-0.5099999999999998 0.928486161891682
-0.5 0.9312631313837775
-0.48999999999999977 0.9339851113809796
-0.48 0.9366521018832893
-0.46999999999999975 0.9392641028907058
-0.45999999999999996 0.9418211144032291
-0.44999999999999973 0.9443231364208597
-0.43999999999999995 0.946770168943597
-0.43000000000000016 0.9491622119714418
-0.41999999999999993 0.9514992655043935
-0.41000000000000014 0.9537813295424518
-0.3999999999999999 0.9560084040856176
-0.3900000000000001 0.9581804891338899
-0.3799999999999999 0.9602975846872697
-0.3700000000000001 0.9623596907457566
-0.3599999999999999 0.9643668073093501
-0.3500000000000001 0.9663189343780509
-0.33999999999999986 0.9682160719518588
-0.33000000000000007 0.9700582200307734
-0.31999999999999984 0.9718453786147953
-0.31000000000000005 0.9735775477039238
-0.2999999999999998 0.9752547272981598
-0.29000000000000004 0.9768769173975028
-0.2799999999999998 0.9784441180019524
-0.27 0.9799563291115095
-0.2599999999999998 0.9814135507261735
-0.25 0.9828157828459443
-0.23999999999999977 0.9841630254708224
-0.22999999999999998 0.9854552786008071
-0.21999999999999975 0.9866925422358992
-0.20999999999999996 0.9878748163760984
-0.19999999999999973 0.9890021010214044
-0.18999999999999995 0.9900743961718175
-0.18000000000000016 0.9910917018273375
-0.16999999999999993 0.9920540179879648
-0.16000000000000014 0.9929613446536987
-0.1499999999999999 0.99381368182454
-0.14000000000000012 0.9946110295004882
-0.1299999999999999 0.9953533876815435
-0.1200000000000001 0.9960407563677056
-0.10999999999999988 0.9966731355589749
-0.10000000000000009 0.9972505252553511
-0.08999999999999986 0.9977729254568345
-0.08000000000000007 0.9982403361634248
-0.06999999999999984 0.998652757375122
-0.06000000000000005 0.9990101890919264
-0.04999999999999982 0.9993126313138379
-0.040000000000000036 0.9995600840408563
-0.029999999999999805 0.9997525472729816
-0.020000000000000018 0.9998900210102141
-0.009999999999999787 0.9999725052525535
0.0 1.0
0.010000000000000231 0.9999725052525534
0.020000000000000018 0.9998900210102141
0.03000000000000025 0.9997525472729817
0.040000000000000036 0.9995600840408563
0.050000000000000266 0.9993126313138377
0.06000000000000005 0.9990101890919264
0.07000000000000028 0.998652757375122
0.08000000000000007 0.9982403361634248
0.08999999999999986 0.9977729254568345
0.10000000000000009 0.9972505252553511
0.10999999999999988 0.9966731355589749
0.1200000000000001 0.9960407563677056
0.1299999999999999 0.9953533876815435
0.14000000000000012 0.9946110295004881
0.1499999999999999 0.9938136818245399
0.16000000000000014 0.9929613446536989
0.16999999999999993 0.9920540179879648
0.18000000000000016 0.9910917018273375
0.18999999999999995 0.9900743961718174
0.20000000000000018 0.9890021010214044
0.20999999999999996 0.9878748163760984
0.2200000000000002 0.9866925422358992
0.22999999999999998 0.9854552786008073
0.2400000000000002 0.9841630254708224
0.25 0.9828157828459444
0.26000000000000023 0.9814135507261733
0.27 0.9799563291115094
0.28000000000000025 0.9784441180019525
0.29000000000000004 0.9768769173975027
0.30000000000000027 0.9752547272981598
0.31000000000000005 0.973577547703924
0.3200000000000003 0.9718453786147951
0.33000000000000007 0.9700582200307735
0.33999999999999986 0.9682160719518588
0.3500000000000001 0.9663189343780508
0.3599999999999999 0.9643668073093502
0.3700000000000001 0.9623596907457566
0.3799999999999999 0.9602975846872699
0.3900000000000001 0.9581804891338901
0.3999999999999999 0.9560084040856175
0.41000000000000014 0.9537813295424519
0.41999999999999993 0.9514992655043935
0.43000000000000016 0.9491622119714416
0.43999999999999995 0.9467701689435971
0.4500000000000002 0.9443231364208597
0.45999999999999996 0.9418211144032292
0.4700000000000002 0.9392641028907056
0.48 0.9366521018832892
0.4900000000000002 0.9339851113809798
0.5 0.9312631313837774
0.5100000000000002 0.9284861618916818
0.52 0.9256542029046935
0.5300000000000002 0.9227672544228122
0.54 0.9198253164460379
0.5500000000000003 0.9168283889743705
0.56 0.9137764720078101
0.5700000000000003 0.910669565546357
0.5800000000000001 0.9075076695900108
0.5899999999999999 0.9042907841387717
0.6000000000000001 0.9010189091926393
0.6099999999999999 0.8976920447516141
0.6200000000000001 0.8943101908156961
0.6299999999999999 0.8908733473848849
0.6400000000000001 0.8873815144591807
0.6499999999999999 0.8838346920385837
0.6600000000000001 0.8802328801230936
0.6699999999999999 0.8765760787127106
0.6800000000000002 0.8728642878074344
0.69 0.8690975074072655
0.7000000000000002 0.8652757375122035
0.71 0.8613989781222486
0.7200000000000002 0.8574672292374005
0.73 0.8534804908576596
0.7400000000000002 0.8494387629830258
0.75 0.845342045613499
0.7600000000000002 0.8411903387490792
0.77 0.8369836423897663
0.7800000000000002 0.8327219565355604
0.79 0.8284052811864617
0.8000000000000003 0.82403361634247
0.81 0.8196069620035853
0.8200000000000003 0.8151253181698075
0.8300000000000001 0.8105886848411368
0.8399999999999999 0.8059970620175733
0.8500000000000001 0.8013504496991166
0.8599999999999999 0.7966488478857671
0.8700000000000001 0.7918922565775243
0.8799999999999999 0.7870806757743888
0.8900000000000001 0.7822141054763602
0.8999999999999999 0.7772925456834388
0.9100000000000001 0.772315996395624
0.9199999999999999 0.7672844576129166
0.9300000000000002 0.7621979293353162
0.94 0.7570564115628228
0.9500000000000002 0.7518599042954361
0.96 0.7466084075331568
0.9700000000000002 0.7413019212759844
0.98 0.7359404455239191
0.9900000000000002 0.7305239802769605
1.0 0.7250525255351093
1.0099999999999998 0.7195260812983653
1.0200000000000005 0.7139446475667275
1.0300000000000002 0.7083082243401974
1.04 0.7026168116187743
1.0499999999999998 0.6968704094024583
1.0600000000000005 0.6910690176912486
1.0700000000000003 0.6852126364851465
1.08 0.6793012657841515
1.0899999999999999 0.6733349055882636
1.0999999999999996 0.6673135558974825
1.1100000000000003 0.6612372167118081
1.12 0.655105888031241
1.13 0.6489195698557813
1.1399999999999997 0.6426782621854283
1.1500000000000004 0.6363819650201819
1.1600000000000001 0.6300306783600431
1.17 0.6236244022050113
1.1799999999999997 0.6171631365550865
1.1900000000000004 0.6106468814102681
1.2000000000000002 0.6040756367705573
1.21 0.5974494026359537
1.2199999999999998 0.590768179006457
1.2300000000000004 0.5840319658820667
1.2400000000000002 0.5772407632627841
1.25 0.5703945711486085
1.2599999999999998 0.5634933895395398
1.2700000000000005 0.5565372184355777
1.2800000000000002 0.5495260578367231
1.29 0.5424599077429755
1.2999999999999998 0.535338768154335
1.3100000000000005 0.528162639070801
1.3200000000000003 0.5209315204923745
1.33 0.513645412419055
1.3399999999999999 0.5063043148508425
1.3500000000000005 0.4989082277877365
1.3600000000000003 0.49145715122973815
1.37 0.4839510851768468
1.38 0.4763900296290625
1.3899999999999997 0.4687739845863851
1.4000000000000004 0.4611029500488142
1.4100000000000001 0.453376926016351
1.42 0.4455959124889947
1.4299999999999997 0.4377599094667455
1.4400000000000004 0.4298689169496026
1.4500000000000002 0.42192293493756744
1.46 0.41392196343063925
1.4699999999999998 0.40586600242881815
1.4800000000000004 0.3977550519321033
1.4900000000000002 0.3895891119404962
1.5 0.38136818245399623
1.5099999999999998 0.37309226347260316
1.5200000000000005 0.3647613549963164
1.5300000000000002 0.35637545702513745
1.54 0.34793456955906543
1.5499999999999998 0.33943869259810056
1.5600000000000005 0.3308878261422419
1.5700000000000003 0.32228197019149096
1.58 0.31362112474584714
1.5899999999999999 0.30490528980531023
1.6000000000000005 0.29613446536987964
1.6100000000000003 0.28730865143955686
1.62 0.27842784801434106
1.63 0.2694920550942323
1.6399999999999997 0.2605012726792306
1.6500000000000004 0.25145550076933504
1.6600000000000001 0.24235473936454732
1.67 0.23319898846486675
1.6799999999999997 0.22398824807029305
1.6900000000000004 0.21472251818082566
1.7000000000000002 0.20540179879646603
1.71 0.19602608991721343
1.7199999999999998 0.18659539154306792
1.7300000000000004 0.1771097036740285
1.7400000000000002 0.167569026310097
1.75 0.15797335945127255
1.7599999999999998 0.14832270309755513
1.7700000000000005 0.1386170572489438
1.7800000000000002 0.1288564219054404
1.79 0.11904079706704401
1.7999999999999998 0.10917018273375467
1.8100000000000005 0.09924457890557142
1.8200000000000003 0.0892639855824961
1.83 0.07922840276452786
1.8399999999999999 0.0691378304516666
1.8500000000000005 0.05899226864391138
1.8600000000000003 0.048791717341264196
1.87 0.03853617654372393
1.88 0.02822564625129076
1.8899999999999997 0.01786012646396462
1.9000000000000004 0.007439617181744573
1.9100000000000001 -0.003035881595367551
1.92 -0.01356636986737264
1.9299999999999997 -0.02415184763427064
1.9400000000000004 -0.034792314896062604
1.9500000000000002 -0.0454877716527467
1.96 -0.05623821790432365
1.9699999999999998 -0.06704365365079362
1.9800000000000004 -0.0779040788921575
1.9900000000000002 -0.08881949362841346
2.0 -0.09978989785956238
2.01 -0.11081529158560421
2.0200000000000005 -0.12189567480654001
2.0300000000000002 -0.13303104752236788
2.04 -0.14422140973308872
2.05 -0.15546676143870253
2.0600000000000005 -0.16676710263921024
2.0700000000000003 -0.17812243333460998
2.08 -0.18953275352490268
2.09 -0.20099806321008845
2.1000000000000005 -0.21251836239016803
2.1100000000000003 -0.22409365106513968
2.12 -0.2357239292350043
2.13 -0.24740919689976187
2.1399999999999997 -0.25914945405941253
2.1500000000000004 -0.2709447007139571
2.16 -0.28279493686339363
2.17 -0.29470016250772313
2.1799999999999997 -0.3066603776469456
2.1900000000000004 -0.3186755822810622
2.2 -0.3307457764100706
2.21 -0.342870960033972
2.2199999999999998 -0.3550511331527664
2.2300000000000004 -0.3672862957664549
2.24 -0.3795764478750352
2.25 -0.3919215894785085
2.26 -0.4043217205768748
2.2700000000000005 -0.41677684117013525
2.2800000000000002 -0.4292869512582875
2.29 -0.4418520508413327
2.3 -0.45447213991927093
2.3100000000000005 -0.4671472184921033
2.3200000000000003 -0.4798772865598274
2.33 -0.4926623441224446
2.34 -0.5055023911799547
2.3500000000000005 -0.518397427732359
2.3600000000000003 -0.531347453779655
2.37 -0.544352469321844
2.38 -0.557412474358926
2.3899999999999997 -0.570527468890901
2.4000000000000004 -0.5836974529177702
2.41 -0.5969224264395312
2.42 -0.6102023894561851
2.4299999999999997 -0.623537341967732
2.4400000000000004 -0.6369272839741731
2.45 -0.6503722154755059
2.46 -0.6638721364717318
2.4699999999999998 -0.6774270469628506
2.4800000000000004 -0.6910369469488636
2.49 -0.7047018364297684
2.5 -0.7184217154055661
2.51 -0.7321965838762569
2.5200000000000005 -0.7460264418418419
2.5300000000000002 -0.7599112893023185
2.54 -0.7738511262576881
2.55 -0.7878459527079508
2.5600000000000005 -0.8018957686531076
2.5700000000000003 -0.8160005740931563
2.58 -0.8301603690280978
2.59 -0.8443751534579323
2.6000000000000005 -0.8586449273826612
2.6100000000000003 -0.8729696908022816
2.62 -0.8873494437167951
2.63 -0.9017841861262016
2.6399999999999997 -0.916273918030501
2.6500000000000004 -0.9308186394296947
2.66 -0.9454183503237801
2.67 -0.9600730507127584
2.6799999999999997 -0.9747827405966297
2.6900000000000004 -0.9895474199753954
2.7 -1.0043670888490526
2.71 -1.019241747217603
2.7199999999999998 -1.0341713950810463
2.7300000000000004 -1.0491560324393838
2.74 -1.064195659292613
2.75 -1.079290275640735
2.76 -1.0944398814837502
2.7700000000000005 -1.1096444768216598
2.7800000000000002 -1.1249040616544608
2.79 -1.140218635982155
2.8 -1.155588199804742
2.8100000000000005 -1.1710127531222234
2.8200000000000003 -1.1864922959345965
2.83 -1.2020268282418625
2.84 -1.2176163500440214
2.8500000000000005 -1.2332608613410747
2.8600000000000003 -1.2489603621330196
2.87 -1.2647148524198575
2.88 -1.2805243322015882
2.8899999999999997 -1.2963888014782121
2.9000000000000004 -1.3123082602497305
2.91 -1.3282827085161404
2.92 -1.344312146277443
2.9299999999999997 -1.3603965735336387
2.9400000000000004 -1.376535990284729
2.95 -1.3927303965307107
2.96 -1.4089797922715854
2.9699999999999998 -1.425284177507353
2.9800000000000004 -1.441643552238015
2.99 -1.4580579164635687
3.0 -1.4745272701840153
