-3.0 1.9429069393065985
-2.99 1.9475213720842426
-2.98 1.9509147478051325
-2.97 1.9531433728058194
-2.96 1.9542619146861377
-2.95 1.9543234335753294
-2.94 1.9533794130132422
-2.93 1.9514797904490262
-2.92 1.9486729873600854
-2.91 1.9450059389946457
-2.9 1.9405241237399782
-2.89 1.93527159211967
-2.88 1.929290995422257
-2.87 1.9226236139647368
-2.86 1.9153093849924279
-2.85 1.9073869302195976
-2.84 1.898893583012066
-2.83 1.889865415215427
-2.82 1.8803372636314901
-2.81 1.8703427561452606
-2.8 1.859914337505708
-2.79 1.8490832947624207
-2.78 1.837879782361544
-2.77 1.826332846903055
-2.76 1.8144704515622398
-2.75 1.8023195001782344
-2.74 1.789905861012052
-2.73 1.7772543901766897
-2.7199999999999998 1.7643889547423177
-2.71 1.751332455518551
-2.7 1.7381068495170457
-2.69 1.7247331720966668
-2.68 1.711231558793803
-2.67 1.6976212668406594
-2.66 1.683920696373788
-2.65 1.670147411335707
-2.64 1.6563181600718582
-2.63 1.6424488956258823
-2.62 1.6285547957351498
-2.61 1.61465028252967
-2.6 1.6007490419364832
-2.59 1.5868640427922023
-2.58 1.5730075556662375
-2.57 1.5591911713970699
-2.56 1.5454258193441026
-2.55 1.531721785357641
-2.54 1.5180887294692451
-2.53 1.5045357033052713
-2.52 1.491071167225537
-2.51 1.4777030071900372
-2.5 1.4644385513557348
-2.49 1.4512845864061679
-2.48 1.438247373615964
-2.4699999999999998 1.4253326646529278
-2.46 1.4125457171198024
-2.45 1.399891309838417
-2.44 1.387373757878255
-2.4299999999999997 1.3749969273319826
-2.42 1.3627642498402175
-2.41 1.3506787368679065
-2.4 1.3387429937346544
-2.39 1.3269592334011362
-2.38 1.3153292900142417
-2.37 1.303854632212875
-2.36 1.2925363761969826
-2.35 1.281375298561885
-2.34 1.2703718489003317
-2.33 1.2595261621744593
-2.32 1.24883807085982
-2.31 1.2383071168639614
-2.3 1.227932563221505
-2.29 1.217713405568133
-2.2800000000000002 1.2076483833956009
-2.27 1.1977359910900462
-2.26 1.187974488755639
-2.25 1.178361912826053
-2.24 1.168896086465477
-2.23 1.1595746297618112
-2.2199999999999998 1.1503949697138487
-2.21 1.141354350014736
-2.2 1.1324498406338428
-2.19 1.123678347199105
-2.1799999999999997 1.1150366201820108
-2.17 1.1065212638873214
-2.16 1.0981287452496031
-2.15 1.089855402438644
-2.14 1.0816974532759136
-2.13 1.0736510034639941
-2.12 1.0657120546311885
-2.11 1.0578765121932396
-2.1 1.050140193034243
-2.09 1.0424988330087968
-2.08 1.034948094267373
-2.07 1.0274835724069258
-2.06 1.020100803448777
-2.05 1.012795270645693
-2.04 1.005562411120233
-2.0300000000000002 0.9983976223362194
-2.02 0.9912962684053788
-2.01 0.9842536862311267
-2.0 0.977265191491316
-1.99 0.9703260844620206
-1.98 0.9634316556841785
-1.97 0.9565771914750634
-1.96 0.9497579792864485
-1.95 0.9429693129114174
-1.94 0.9362064975416307
-1.93 0.9294648546769695
-1.92 0.922739726889428
-1.91 0.9160264824430622
-1.9 0.9093205197719337
-1.89 0.9026172718177525
-1.88 0.8959122102291919
-1.8699999999999999 0.8892008494245663
-1.8599999999999999 0.88247875051977
-1.8499999999999999 0.8757415251232397
-1.84 0.8689848389997196
-1.83 0.8622044156046312
-1.82 0.855396039490812
-1.81 0.8485555595893683
-1.8 0.8416788923664261
-1.79 0.8347620248574891
-1.78 0.8278010175811397
-1.77 0.8207920073338382
-1.76 0.8137312098674976
-1.75 0.806614922451539
-1.74 0.7994395263211538
-1.73 0.7922014890134177
-1.72 0.7848973665929543
-1.71 0.7775238057688153
-1.7 0.7700775459042255
-1.69 0.7625554209208134
-1.68 0.7549543610990403
-1.67 0.7472713947763567
-1.66 0.7395036499447842
-1.65 0.7316483557494717
-1.64 0.7237028438898869
-1.63 0.7156645499251628
-1.6199999999999999 0.7075310144852288
-1.6099999999999999 0.6992998843892718
-1.5999999999999999 0.6909689136731146
-1.59 0.6825359645270186
-1.58 0.6739990081454975
-1.57 0.6653561254906368
-1.56 0.6566055079704722
-1.55 0.6477454580339109
-1.54 0.638774389683737
-1.53 0.6296908289091399
-1.52 0.6204934140392948
-1.51 0.611180896019472
-1.5 0.6017521386110921
-1.49 0.5922061185172365
-1.48 0.582541925435026
-1.47 0.5727587620363237
-1.46 0.5628559438781656
-1.45 0.5528328992443599
-1.44 0.5426891689196481
-1.43 0.53242440589784
-1.42 0.5220383750252868
-1.41 0.5115309525810924
-1.4 0.5009021257954339
-1.39 0.49015199230733164
-1.38 0.47928075956324123
-1.3699999999999999 0.4682887441577869
-1.3599999999999999 0.45717637111798987
-1.3499999999999999 0.44594417313230117
-1.3399999999999999 0.4345927897257419
-1.33 0.42312296638247965
-1.32 0.4115355536171006
-1.31 0.39983150599590095
-1.3 0.3880118811094299
-1.29 0.37607783849758164
-1.28 0.36403063852846934
-1.27 0.3518716412323397
-1.26 0.3396023050917658
-1.25 0.32722418578932655
-1.24 0.31473893491400656
-1.23 0.3021482986275221
-1.22 0.2894541162917643
-1.21 0.2766583190585528
-1.2 0.26376292842287064
-1.19 0.25077005474075736
-1.18 0.23768189571303172
-1.17 0.2245007348359549
-1.16 0.21122893982002047
-1.15 0.19786896097797055
-1.14 0.18442332958317503
-1.13 0.17089465619948144
-1.1199999999999999 0.15728562898363424
-1.1099999999999999 0.14359901196135602
-1.0999999999999999 0.12983764327818903
-1.0899999999999999 0.11600443342614727
-1.08 0.10210236344725632
-1.07 0.08813448311504245
-1.06 0.0741039090949922
-1.05 0.060013823085050336
-1.04 0.0458674699371511
-1.03 0.031668155760819744
-1.02 0.017419246009839004
-1.01 0.0031241635529931427
-1.0 -0.011213613270143245
-0.9899999999999998 -0.025590552607380773
-0.98 -0.04000307106508376
-0.9699999999999998 -0.054447535691383
-0.96 -0.06892026597047224
-0.9500000000000002 -0.08341753582706013
-0.94 -0.09793557564003841
-0.9300000000000002 -0.11247057426444212
-0.9199999999999999 -0.1270186810608086
-0.9100000000000001 -0.14157600793100547
-0.8999999999999999 -0.15613863135966669
-0.8900000000000001 -0.17070259446032315
-0.8799999999999999 -0.18526390902538303
-0.8700000000000001 -0.19981855757907221
-0.8599999999999999 -0.2143624954325044
-0.8500000000000001 -0.22889165274001458
-0.8399999999999999 -0.2434019365559407
-0.8300000000000001 -0.25788923289101007
-0.8199999999999998 -0.2723494087675311
-0.81 -0.2867783142725669
-0.7999999999999998 -0.3011717846083139
-0.79 -0.3155256421388729
-0.7799999999999998 -0.3298356984326658
-0.77 -0.3440977562996954
-0.7599999999999998 -0.35830761182292403
-0.75 -0.37246105638298843
-0.7399999999999998 -0.3865538786755429
-0.73 -0.40058186672047247
-0.7199999999999998 -0.41454080986227965
-0.71 -0.42842650076091293
-0.6999999999999997 -0.44223473737235464
-0.69 -0.4559613249182567
-0.6800000000000002 -0.46960207784396335
-0.6699999999999999 -0.48315282176422775
-0.6600000000000001 -0.49660939539597154
-0.6499999999999999 -0.509967652477434
-0.6400000000000001 -0.5232234636730553
-0.6299999999999999 -0.5363727184634753
-0.6200000000000001 -0.5494113270200067
-0.6099999999999999 -0.5623352220629827
-0.6000000000000001 -0.5751403607033564
-0.5899999999999999 -0.5878227262669731
-0.5800000000000001 -0.6003783301009107
-0.5699999999999998 -0.6128032133613297
-0.56 -0.6250934487822455
-0.5499999999999998 -0.6372451424246821
-0.54 -0.6492544354056448
-0.5299999999999998 -0.6611175056063839
-0.52 -0.6728305693594083
-0.5099999999999998 -0.6843898831137423
-0.5 -0.6957917450778991
-0.48999999999999977 -0.707032496840089
-0.48 -0.7181085249651485
-0.46999999999999975 -0.7290162625677323
-0.45999999999999996 -0.7397521908612724
-0.44999999999999973 -0.7503128406822636
-0.43999999999999995 -0.7606947939894014
-0.43000000000000016 -0.7708946853371461
-0.41999999999999993 -0.7809092033232677
-0.41000000000000014 -0.7907350920099475
-0.3999999999999999 -0.8003691523180332
-0.3900000000000001 -0.8098082433940214
-0.3799999999999999 -0.8190492839493941
-0.3700000000000001 -0.8280892535719004
-0.3599999999999999 -0.8369251940084286
-0.3500000000000001 -0.8455542104190807
-0.33999999999999986 -0.8539734726021081
-0.33000000000000007 -0.8621802161893471
-0.31999999999999984 -0.8701717438118277
-0.31000000000000005 -0.8779454262352129
-0.2999999999999998 -0.8854987034647629
-0.29000000000000004 -0.8928290858195008
-0.2799999999999998 -0.8999341549752915
-0.27 -0.9068115649765314
-0.2599999999999998 -0.9134590432161761
-0.25 -0.9198743913838294
-0.23999999999999977 -0.9260554863816326
-0.22999999999999998 -0.932000281207701
-0.21999999999999975 -0.9377068058068642
-0.20999999999999996 -0.943173167888477
-0.19999999999999973 -0.9483975537110756
-0.18999999999999995 -0.9533782288336647
-0.18000000000000016 -0.9581135388334309
-0.16999999999999993 -0.9626019099896863
-0.16000000000000014 -0.9668418499338565
-0.1499999999999999 -0.9708319482653345
-0.14000000000000012 -0.9745708771330381
-0.1299999999999999 -0.9780573917825083
-0.1200000000000001 -0.9812903310684036
-0.10999999999999988 -0.9842686179322494
-0.10000000000000009 -0.9869912598453195
-0.08999999999999986 -0.9894573492165228
-0.08000000000000007 -0.9916660637651882
-0.06999999999999984 -0.9936166668586519
-0.06000000000000005 -0.9953085078145502
-0.04999999999999982 -0.996741022167739
-0.040000000000000036 -0.9979137319017709
-0.029999999999999805 -0.9988262456448627
-0.020000000000000018 -0.9994782588303062
-0.009999999999999787 -0.9998695538212756
0.0 -0.9999999999999999
0.010000000000000231 -0.9998695538212755
0.020000000000000018 -0.9994782588303063
0.03000000000000025 -0.9988262456448627
0.040000000000000036 -0.9979137319017709
0.050000000000000266 -0.9967410221677392
0.06000000000000005 -0.9953085078145503
0.07000000000000028 -0.993616666858652
0.08000000000000007 -0.9916660637651883
0.08999999999999986 -0.9894573492165231
0.10000000000000009 -0.9869912598453198
0.10999999999999988 -0.9842686179322495
0.1200000000000001 -0.9812903310684034
0.1299999999999999 -0.9780573917825085
0.14000000000000012 -0.9745708771330382
0.1499999999999999 -0.9708319482653346
0.16000000000000014 -0.9668418499338565
0.16999999999999993 -0.9626019099896866
0.18000000000000016 -0.958113538833431
0.18999999999999995 -0.9533782288336649
0.20000000000000018 -0.9483975537110756
0.20999999999999996 -0.943173167888477
0.2200000000000002 -0.937706805806864
0.22999999999999998 -0.9320002812077008
0.2400000000000002 -0.9260554863816324
0.25 -0.9198743913838293
0.26000000000000023 -0.913459043216176
0.27 -0.9068115649765315
0.28000000000000025 -0.8999341549752915
0.29000000000000004 -0.892829085819501
0.30000000000000027 -0.8854987034647628
0.31000000000000005 -0.8779454262352132
0.3200000000000003 -0.8701717438118277
0.33000000000000007 -0.8621802161893474
0.33999999999999986 -0.8539734726021082
0.3500000000000001 -0.845554210419081
0.3599999999999999 -0.8369251940084288
0.3700000000000001 -0.8280892535719007
0.3799999999999999 -0.8190492839493941
0.3900000000000001 -0.8098082433940218
0.3999999999999999 -0.8003691523180333
0.41000000000000014 -0.7907350920099477
0.41999999999999993 -0.7809092033232679
0.43000000000000016 -0.7708946853371466
0.43999999999999995 -0.7606947939894018
0.4500000000000002 -0.7503128406822636
0.45999999999999996 -0.7397521908612726
0.4700000000000002 -0.7290162625677319
0.48 -0.7181085249651489
0.4900000000000002 -0.7070324968400887
0.5 -0.6957917450778994
0.5100000000000002 -0.6843898831137419
0.52 -0.6728305693594087
0.5300000000000002 -0.6611175056063836
0.54 -0.6492544354056453
0.5500000000000003 -0.637245142424682
0.56 -0.6250934487822458
0.5700000000000003 -0.6128032133613296
0.5800000000000001 -0.6003783301009111
0.5899999999999999 -0.5878227262669735
0.6000000000000001 -0.575140360703357
0.6099999999999999 -0.5623352220629834
0.6200000000000001 -0.5494113270200072
0.6299999999999999 -0.5363727184634757
0.6400000000000001 -0.5232234636730556
0.6499999999999999 -0.5099676524774345
0.6600000000000001 -0.4966093953959721
0.6699999999999999 -0.48315282176422825
0.6800000000000002 -0.4696020778439638
0.69 -0.45596132491825736
0.7000000000000002 -0.4422347373723546
0.71 -0.4284265007609135
0.7200000000000002 -0.4145408098622795
0.73 -0.4005818667204729
0.7400000000000002 -0.38655387867554275
0.75 -0.372461056382989
0.7600000000000002 -0.358307611822924
0.77 -0.34409775629969613
0.7800000000000002 -0.3298356984326656
0.79 -0.3155256421388736
0.8000000000000003 -0.3011717846083138
0.81 -0.2867783142725678
0.8200000000000003 -0.27234940876753116
0.8300000000000001 -0.25788923289101073
0.8399999999999999 -0.2434019365559413
0.8500000000000001 -0.22889165274001505
0.8599999999999999 -0.214362495432505
0.8700000000000001 -0.19981855757907277
0.8799999999999999 -0.18526390902538362
0.8900000000000001 -0.17070259446032374
0.8999999999999999 -0.15613863135966732
0.9100000000000001 -0.14157600793100622
0.9199999999999999 -0.1270186810608093
0.9300000000000002 -0.11247057426444297
0.94 -0.09793557564003898
0.9500000000000002 -0.08341753582706075
0.96 -0.0689202659704727
0.9700000000000002 -0.05444753569138322
0.98 -0.0400030710650848
0.9900000000000002 -0.025590552607381193
1.0 -0.011213613270143793
1.0099999999999998 0.003124163552992561
1.0200000000000005 0.017419246009838747
1.0300000000000002 0.031668155760818655
1.04 0.04586746993715059
1.0499999999999998 0.06001382308504953
1.0600000000000005 0.07410390909499211
1.0700000000000003 0.0881344831150417
1.08 0.10210236344725612
1.0899999999999999 0.11600443342614637
1.0999999999999996 0.1298376432781884
1.1100000000000003 0.14359901196135605
1.12 0.15728562898363377
1.13 0.17089465619948147
1.1399999999999997 0.18442332958317414
1.1500000000000004 0.1978689609779699
1.1600000000000001 0.21122893982001992
1.17 0.22450073483595448
1.1799999999999997 0.23768189571303097
1.1900000000000004 0.2507700547407575
1.2000000000000002 0.2637629284228692
1.21 0.2766583190585525
1.2199999999999998 0.2894541162917639
1.2300000000000004 0.3021482986275214
1.2400000000000002 0.3147389349140054
1.25 0.32722418578932566
1.2599999999999998 0.33960230509176526
1.2700000000000005 0.35187164123233944
1.2800000000000002 0.3640306385284678
1.29 0.3760778384975807
1.2999999999999998 0.3880118811094291
1.3100000000000005 0.3998315059959004
1.3200000000000003 0.4115355536170998
1.33 0.4231229663824784
1.3399999999999999 0.43459278972574195
1.3500000000000005 0.4459441731323014
1.3600000000000003 0.45717637111799
1.37 0.46828874415778593
1.38 0.47928075956324045
1.3899999999999997 0.4901519923073315
1.4000000000000004 0.5009021257954338
1.4100000000000001 0.5115309525810919
1.42 0.5220383750252858
1.4299999999999997 0.5324244058978396
1.4400000000000004 0.5426891689196476
1.4500000000000002 0.5528328992443581
1.46 0.5628559438781646
1.4699999999999998 0.5727587620363231
1.4800000000000004 0.5825419254350258
1.4900000000000002 0.5922061185172346
1.5 0.6017521386110903
1.5099999999999998 0.61118089601947
1.5200000000000005 0.6204934140392937
1.5300000000000002 0.6296908289091374
1.54 0.6387743896837363
1.5499999999999998 0.6477454580339101
1.5600000000000005 0.6566055079704701
1.5700000000000003 0.6653561254906362
1.58 0.6739990081454971
1.5899999999999999 0.6825359645270184
1.6000000000000005 0.6909689136731137
1.6100000000000003 0.6992998843892707
1.62 0.7075310144852271
1.63 0.715664549925163
1.6399999999999997 0.7237028438898867
1.6500000000000004 0.7316483557494703
1.6600000000000001 0.739503649944781
1.67 0.7472713947763553
1.6799999999999997 0.7549543610990384
1.6900000000000004 0.7625554209208123
1.7000000000000002 0.7700775459042234
1.71 0.7775238057688159
1.7199999999999998 0.784897366592953
1.7300000000000004 0.7922014890134164
1.7400000000000002 0.7994395263211537
1.75 0.8066149224515383
1.7599999999999998 0.8137312098674959
1.7700000000000005 0.8207920073338373
1.7800000000000002 0.8278010175811373
1.79 0.8347620248574874
1.7999999999999998 0.841678892366426
1.8100000000000005 0.8485555595893671
1.8200000000000003 0.8553960394908099
1.83 0.8622044156046299
1.8399999999999999 0.8689848389997172
1.8500000000000005 0.8757415251232377
1.8600000000000003 0.8824787505197677
1.87 0.8892008494245638
1.88 0.8959122102291917
1.8899999999999997 0.9026172718177534
1.9000000000000004 0.9093205197719327
1.9100000000000001 0.9160264824430621
1.92 0.9227397268894246
1.9299999999999997 0.9294648546769689
1.9400000000000004 0.9362064975416294
1.9500000000000002 0.9429693129114156
1.96 0.9497579792864451
1.9699999999999998 0.9565771914750598
1.9800000000000004 0.9634316556841798
1.9900000000000002 0.9703260844620217
2.0 0.9772651914913159
2.01 0.9842536862311244
2.0200000000000005 0.9912962684053778
2.0300000000000002 0.9983976223362167
2.04 1.0055624111202355
2.05 1.0127952706456937
2.0600000000000005 1.0201008034487729
2.0700000000000003 1.0274835724069236
2.08 1.034948094267371
2.09 1.0424988330087979
2.1000000000000005 1.0501401930342438
2.1100000000000003 1.0578765121932394
2.12 1.0657120546311891
2.13 1.0736510034639934
2.1399999999999997 1.081697453275913
2.1500000000000004 1.089855402438647
2.16 1.0981287452496031
2.17 1.1065212638873234
2.1799999999999997 1.1150366201820094
2.1900000000000004 1.1236783471991034
2.2 1.132449840633843
2.21 1.1413543500147363
2.2199999999999998 1.1503949697138467
2.2300000000000004 1.1595746297618106
2.24 1.1688960864654758
2.25 1.178361912826053
2.26 1.1879744887556465
2.2700000000000005 1.1977359910900438
2.2800000000000002 1.2076483833956069
2.29 1.2177134055681336
2.3 1.2279325632215041
2.3100000000000005 1.2383071168639592
2.3200000000000003 1.2488380708598175
2.33 1.259526162174456
2.34 1.270371848900337
2.3500000000000005 1.2813752985618845
2.3600000000000003 1.2925363761969813
2.37 1.3038546322128768
2.38 1.31532929001424
2.3899999999999997 1.326959233401135
2.4000000000000004 1.3387429937346502
2.41 1.3506787368679103
2.42 1.3627642498402126
2.4299999999999997 1.3749969273319818
2.4400000000000004 1.3873737578782595
2.45 1.3998913098384191
2.46 1.4125457171197997
2.4699999999999998 1.4253326646529243
2.4800000000000004 1.4382473736159724
2.49 1.4512845864061688
2.5 1.4644385513557345
2.51 1.477703007190032
2.5200000000000005 1.4910711672255397
2.5300000000000002 1.5045357033052693
2.54 1.5180887294692447
2.55 1.5317217853576304
2.5600000000000005 1.5454258193441077
2.5700000000000003 1.5591911713970728
2.58 1.5730075556662397
2.59 1.586864042792197
2.6000000000000005 1.600749041936477
2.6100000000000003 1.6146502825296722
2.62 1.6285547957351543
2.63 1.6424488956258851
2.6399999999999997 1.6563181600718635
2.6500000000000004 1.6701474113356964
2.66 1.6839206963737885
2.67 1.6976212668406547
2.6799999999999997 1.7112315587937996
2.6900000000000004 1.724733172096661
2.7 1.7381068495170482
2.71 1.7513324555185512
2.7199999999999998 1.7643889547423237
2.7300000000000004 1.7772543901767006
2.74 1.7899058610120409
2.75 1.8023195001782337
2.76 1.814470451562236
2.7700000000000005 1.8263328469030573
2.7800000000000002 1.837879782361552
2.79 1.8490832947624125
2.8 1.8599143375056988
2.8100000000000005 1.8703427561452763
2.8200000000000003 1.8803372636314903
2.83 1.889865415215425
2.84 1.8988935830120544
2.8500000000000005 1.9073869302196043
2.8600000000000003 1.915309384992433
2.87 1.922623613964727
2.88 1.9292909954222817
2.8899999999999997 1.9352715921196613
2.9000000000000004 1.9405241237399924
2.91 1.9450059389946492
2.92 1.9486729873600803
2.9299999999999997 1.951479790449012
2.9400000000000004 1.9533794130132534
2.95 1.9543234335753261
2.96 1.9542619146861266
2.9699999999999998 1.9531433728058143
2.9800000000000004 1.9509147478051203
2.99 1.9475213720842597
3.0 1.9429069393066063
