-3.0 -0.989992496599621
-2.99 -0.9885318208272486
-2.98 -0.986972292696352
-2.97 -0.9853140681584737
-2.96 -0.9835573130347588
-2.95 -0.9817022029992585
-2.94 -0.979748923561452
-2.93 -0.9776976700476917
-2.92 -0.9755486475816411
-2.91 -0.9733020710637592
-2.9 -0.9709581651498368
-2.89 -0.9685171642285223
-2.88 -0.9659793123978755
-2.87 -0.9633448634410033
-2.86 -0.9606140808005807
-2.85 -0.9577872375525874
-2.84 -0.9548646163790386
-2.83 -0.9518465095395816
-2.82 -0.9487332188424021
-2.81 -0.9455250556139464
-2.8 -0.9422223406678881
-2.79 -0.9388254042729625
-2.78 -0.9353345861200029
-2.77 -0.9317502352878724
-2.76 -0.9280727102086966
-2.75 -0.9243023786318874
-2.74 -0.9204396175874868
-2.73 -0.9164848133483593
-2.7199999999999998 -0.9124383613916319
-2.71 -0.908300666359131
-2.7 -0.9040721420169203
-2.69 -0.8997532112138928
-2.68 -0.8953443058395336
-2.67 -0.8908458667807088
-2.66 -0.8862583438775732
-2.65 -0.8815821958785964
-2.64 -0.876817890394675
-2.63 -0.8719659038523709
-2.62 -0.8670267214463043
-2.61 -0.8620008370906225
-2.6 -0.8568887533695588
-2.59 -0.8516909814871987
-2.58 -0.8464080412164405
-2.57 -0.8410404608468933
-2.56 -0.835588777132107
-2.55 -0.8300535352359245
-2.54 -0.8244352886779076
-2.53 -0.818734599278055
-2.52 -0.8129520371005448
-2.51 -0.8070881803967767
-2.5 -0.8011436155475216
-2.49 -0.7951189370043348
-2.48 -0.7890147472300381
-2.4699999999999998 -0.782831656638514
-2.46 -0.7765702835336945
-2.45 -0.7702312540476479
-2.44 -0.7638152020780502
-2.4299999999999997 -0.7573227692247696
-2.42 -0.7507546047256547
-2.41 -0.7441113653916882
-2.4 -0.7373937155412886
-2.39 -0.7306023269338189
-2.38 -0.723737878702478
-2.37 -0.7168010572863989
-2.36 -0.7097925563619193
-2.35 -0.7027130767732966
-2.34 -0.6955633264625996
-2.33 -0.6883440203988834
-2.32 -0.6810558805067576
-2.31 -0.6736996355941257
-2.3 -0.6662760212793408
-2.29 -0.6587857799176747
-2.2800000000000002 -0.6512296605270131
-2.27 -0.6436084187129776
-2.26 -0.6359228165934224
-2.25 -0.6281736227221416
-2.24 -0.6203616120120755
-2.23 -0.6124875656577865
-2.2199999999999998 -0.6045522710573213
-2.21 -0.596556521733553
-2.2 -0.5885011172547504
-2.19 -0.5803868631546389
-2.1799999999999997 -0.5722145708518661
-2.17 -0.5639850575688579
-2.16 -0.5556991462500811
-2.15 -0.5473576654797736
-2.14 -0.5389614493990401
-2.13 -0.5305113376225056
-2.12 -0.522008175154297
-2.11 -0.513452812303581
-2.1 -0.5048461045995235
-2.09 -0.4961889127057071
-2.08 -0.48748210233410566
-2.07 -0.47872654415851146
-2.06 -0.4699231137274366
-2.05 -0.4610726913765861
-2.04 -0.45217616214082823
-2.0300000000000002 -0.4432344156656704
-2.02 -0.4342483461182996
-2.01 -0.42521885209820093
-2.0 -0.41614683654722723
-1.99 -0.4070332066593935
-1.98 -0.3978788737900865
-1.97 -0.38868475336495706
-1.96 -0.3794517647883963
-1.95 -0.3701808313515615
-1.94 -0.360872880140072
-1.93 -0.35152884194129524
-1.92 -0.34214965115125784
-1.91 -0.33273624568123406
-1.9 -0.3232895668639161
-1.89 -0.3138105593593146
-1.88 -0.3043001710602816
-1.8699999999999999 -0.2947593529977257
-1.8599999999999999 -0.2851890592455023
-1.8499999999999999 -0.27559024682499556
-1.84 -0.265963875609471
-1.83 -0.25631090822802244
-1.82 -0.24663230996933216
-1.81 -0.23692904868517498
-1.8 -0.22720209469358535
-1.79 -0.21745242068185328
-1.78 -0.20768100160926722
-1.77 -0.19788881460957794
-1.76 -0.18807683889334
-1.75 -0.17824605564993504
-1.74 -0.16839744794950393
-1.73 -0.15853200064460532
-1.72 -0.14865070027175037
-1.71 -0.13875453495274587
-1.7 -0.1288444942958645
-1.69 -0.11892156929692857
-1.68 -0.10898675224016388
-1.67 -0.09904103659898789
-1.66 -0.08908541693669823
-1.65 -0.07912088880694362
-1.64 -0.06914844865424027
-1.63 -0.059169093714299605
-1.6199999999999999 -0.04918382191429247
-1.6099999999999999 -0.03919363177307425
-1.5999999999999999 -0.029199522301352043
-1.59 -0.019202492901724703
-1.58 -0.009203543268810281
-1.57 0.000796326710761575
-1.56 0.01079611705832373
-1.55 0.020794827803177166
-1.54 0.030791459082575447
-1.53 0.040785011241724345
-1.52 0.050774484933742904
-1.51 0.0607588812195714
-1.5 0.07073720166791063
-1.49 0.08070844845502864
-1.48 0.09067162446455665
-1.47 0.10062573338720056
-1.46 0.11056977982035661
-1.45 0.12050276936766711
-1.44 0.13042370873846287
-1.43 0.14033160584706503
-1.42 0.15022546991202418
-1.41 0.1601043115551785
-1.4 0.16996714290059767
-1.39 0.17981297767336482
-1.38 0.1896408312982045
-1.3699999999999999 0.1994497209979422
-1.3599999999999999 0.20923866589179113
-1.3499999999999999 0.2190066870934149
-1.3399999999999999 0.22875280780883478
-1.33 0.23847605343409076
-1.32 0.24817545165273452
-1.31 0.25785003253302774
-1.3 0.26749882862493857
-1.29 0.27712087505690214
-1.28 0.28671520963228725
-1.27 0.29628087292563804
-1.26 0.30581690837859876
-1.25 0.31532236239556416
-1.24 0.3247962844390554
-1.23 0.3342377271247691
-1.22 0.3436457463163019
-1.21 0.353019401219566
-1.2 0.3623577544768917
-1.19 0.3716598722607317
-1.18 0.38092482436706426
-1.17 0.3901516843083947
-1.16 0.3993395294064171
-1.15 0.40848744088428357
-1.14 0.417594503958465
-1.13 0.42665980793024544
-1.1199999999999999 0.4356824462767819
-1.1099999999999999 0.44466151674175636
-1.0999999999999999 0.45359612142560585
-1.0899999999999999 0.4624853668753126
-1.08 0.4713283641737341
-1.07 0.48012422902850815
-1.06 0.4888720818604851
-1.05 0.497571047891668
-1.04 0.5062202572327013
-1.03 0.5148188449698646
-1.02 0.5233659512515434
-1.01 0.5318607213742333
-1.0 0.5403023058680045
-0.9899999999999998 0.548689860581441
-0.98 0.5570225467660576
-0.9699999999999998 0.5652995311601852
-0.96 0.5735199860722755
-0.9500000000000002 0.5816830894636927
-0.94 0.5897880250308983
-0.9300000000000002 0.5978339822870912
-0.9199999999999999 0.6058201566432491
-0.9100000000000001 0.6137457494885923
-0.8999999999999999 0.6216099682704411
-0.8900000000000001 0.6294120265734697
-0.8799999999999999 0.6371511441983507
-0.8700000000000001 0.6448265472397678
-0.8599999999999999 0.6524374681638186
-0.8500000000000001 0.6599831458847475
-0.8399999999999999 0.6674628258410761
-0.8300000000000001 0.6748757600710357
-0.8199999999999998 0.6822212072873867
-0.81 0.6894984329515221
-0.7999999999999998 0.696706709346944
-0.79 0.7038453156520212
-0.7799999999999998 0.7109135380120676
-0.77 0.7179106696107396
-0.7599999999999998 0.7248360107407069
-0.75 0.7316888688736295
-0.7399999999999998 0.7384685587294046
-0.73 0.7451744023446959
-0.7199999999999998 0.7518057291407283
-0.71 0.7583618759903513
-0.6999999999999997 0.7648421872843406
-0.69 0.7712460149969675
-0.6800000000000002 0.7775727187507991
-0.6699999999999999 0.7838216658807303
-0.6600000000000001 0.7899922314972568
-0.6499999999999999 0.7960837985489577
-0.6400000000000001 0.8020957578842056
-0.6299999999999999 0.8080275083120743
-0.6200000000000001 0.8138784566624674
-0.6099999999999999 0.819648017845423
-0.6000000000000001 0.8253356149096321
-0.5899999999999999 0.8309406791001276
-0.5800000000000001 0.8364626499151605
-0.5699999999999998 0.8419009751622507
-0.56 0.8472551110134074
-0.5499999999999998 0.852524522059506
-0.54 0.8577086813638333
-0.5299999999999998 0.8628070705147787
-0.52 0.8678191796776756
-0.5099999999999998 0.8727445076457848
-0.5 0.8775825618904128
-0.48999999999999977 0.8823328586101689
-0.48 0.8869949227793376
-0.46999999999999975 0.8915682881953882
-0.45999999999999996 0.8960524975255895
-0.44999999999999973 0.9004471023527456
-0.43999999999999995 0.9047516632200365
-0.43000000000000016 0.9089657496749615
-0.41999999999999993 0.9130889403123889
-0.41000000000000014 0.9171208228166884
-0.3999999999999999 0.9210609940029705
-0.3900000000000001 0.9249090598573981
-0.3799999999999999 0.9286646355765986
-0.3700000000000001 0.9323273456061235
-0.3599999999999999 0.9358968236780235
-0.3500000000000001 0.9393727128474668
-0.33999999999999986 0.9427546655284338
-0.33000000000000007 0.9460423435284747
-0.31999999999999984 0.9492354180825265
-0.31000000000000005 0.9523335698857981
-0.2999999999999998 0.9553364891256877
-0.29000000000000004 0.958243875512777
-0.2799999999999998 0.9610554383108489
-0.27 0.9637708963659652
-0.2599999999999998 0.9663899781345838
-0.25 0.9689124217107136
-0.23999999999999977 0.971337974852095
-0.22999999999999998 0.9736663950054362
-0.21999999999999975 0.9758974493306638
-0.20999999999999996 0.9780309147242026
-0.19999999999999973 0.9800665778412913
-0.18999999999999995 0.9820042351173166
-0.18000000000000016 0.9838436927881637
-0.16999999999999993 0.9855847669096004
-0.16000000000000014 0.9872272833756625
-0.1499999999999999 0.988771077936073
-0.14000000000000012 0.9902159962126653
-0.1299999999999999 0.9915618937148128
-0.1200000000000001 0.9928086358538867
-0.10999999999999988 0.9939560979567144
-0.10000000000000009 0.995004165278041
-0.08999999999999986 0.9959527330120066
-0.08000000000000007 0.9968017063026291
-0.06999999999999984 0.9975510002532871
-0.06000000000000005 0.9982005399352103
-0.04999999999999982 0.9987502603949695
-0.040000000000000036 0.9992001066609806
-0.029999999999999805 0.9995500337489882
-0.020000000000000018 0.9998000066665784
-0.009999999999999787 0.9999500004166659
0.0 0.9999999999999999
0.010000000000000231 0.9999500004166652
0.020000000000000018 0.9998000066665782
0.03000000000000025 0.9995500337489892
0.040000000000000036 0.9992001066609804
0.050000000000000266 0.9987502603949695
0.06000000000000005 0.9982005399352094
0.07000000000000028 0.9975510002532871
0.08000000000000007 0.9968017063026284
0.08999999999999986 0.9959527330120068
0.10000000000000009 0.9950041652780404
0.10999999999999988 0.9939560979567142
0.1200000000000001 0.9928086358538866
0.1299999999999999 0.9915618937148123
0.14000000000000012 0.9902159962126649
0.1499999999999999 0.9887710779360743
0.16000000000000014 0.9872272833756619
0.16999999999999993 0.9855847669095998
0.18000000000000016 0.9838436927881639
0.18999999999999995 0.9820042351173163
0.20000000000000018 0.9800665778412919
0.20999999999999996 0.9780309147242028
0.2200000000000002 0.9758974493306638
0.22999999999999998 0.9736663950054367
0.2400000000000002 0.9713379748520948
0.25 0.968912421710713
0.26000000000000023 0.9663899781345853
0.27 0.963770896365966
0.28000000000000025 0.9610554383108487
0.29000000000000004 0.9582438755127775
0.30000000000000027 0.9553364891256886
0.31000000000000005 0.9523335698857982
0.3200000000000003 0.9492354180825269
0.33000000000000007 0.9460423435284745
0.33999999999999986 0.9427546655284347
0.3500000000000001 0.9393727128474677
0.3599999999999999 0.935896823678024
0.3700000000000001 0.9323273456061231
0.3799999999999999 0.9286646355765978
0.3900000000000001 0.9249090598574
0.3999999999999999 0.9210609940029701
0.41000000000000014 0.9171208228166877
0.41999999999999993 0.9130889403123882
0.43000000000000016 0.9089657496749619
0.43999999999999995 0.9047516632200365
0.4500000000000002 0.9004471023527456
0.45999999999999996 0.896052497525589
0.4700000000000002 0.8915682881953877
0.48 0.8869949227793368
0.4900000000000002 0.8823328586101684
0.5 0.877582561890413
0.5100000000000002 0.8727445076457839
0.52 0.867819179677676
0.5300000000000002 0.8628070705147789
0.54 0.8577086813638335
0.5500000000000003 0.8525245220595068
0.56 0.8472551110134083
0.5700000000000003 0.8419009751622508
0.5800000000000001 0.8364626499151604
0.5899999999999999 0.8309406791001273
0.6000000000000001 0.825335614909632
0.6099999999999999 0.8196480178454231
0.6200000000000001 0.8138784566624674
0.6299999999999999 0.8080275083120747
0.6400000000000001 0.8020957578842051
0.6499999999999999 0.7960837985489582
0.6600000000000001 0.7899922314972572
0.6699999999999999 0.7838216658807314
0.6800000000000002 0.7775727187507995
0.69 0.7712460149969684
0.7000000000000002 0.7648421872843407
0.71 0.7583618759903512
0.7200000000000002 0.7518057291407286
0.73 0.7451744023446958
0.7400000000000002 0.7384685587294052
0.75 0.7316888688736302
0.7600000000000002 0.7248360107407075
0.77 0.717910669610739
0.7800000000000002 0.7109135380120664
0.79 0.7038453156520202
0.8000000000000003 0.6967067093469446
0.81 0.6894984329515222
0.8200000000000003 0.6822212072873861
0.8300000000000001 0.674875760071037
0.8399999999999999 0.6674628258410762
0.8500000000000001 0.6599831458847492
0.8599999999999999 0.6524374681638195
0.8700000000000001 0.6448265472397695
0.8799999999999999 0.6371511441983503
0.8900000000000001 0.6294120265734698
0.8999999999999999 0.6216099682704415
0.9100000000000001 0.6137457494885932
0.9199999999999999 0.6058201566432502
0.9300000000000002 0.5978339822870914
0.94 0.5897880250308997
0.9500000000000002 0.5816830894636931
0.96 0.5735199860722757
0.9700000000000002 0.5652995311601834
0.98 0.557022546766058
0.9900000000000002 0.54868986058144
1.0 0.5403023058680051
1.0099999999999998 0.5318607213742348
1.0200000000000005 0.5233659512515427
1.0300000000000002 0.514818844969864
1.04 0.5062202572327026
1.0499999999999998 0.49757104789166784
1.0600000000000005 0.4888720818604849
1.0700000000000003 0.4801242290285091
1.08 0.47132836417373297
1.0899999999999999 0.4624853668753126
1.0999999999999996 0.4535961214256075
1.1100000000000003 0.4446615167417555
1.12 0.43568244627678027
1.13 0.42665980793024444
1.1399999999999997 0.4175945039584649
1.1500000000000004 0.40848744088428257
1.1600000000000001 0.3993395294064173
1.17 0.3901516843083936
1.1799999999999997 0.38092482436706365
1.1900000000000004 0.37165987226073244
1.2000000000000002 0.3623577544768907
1.21 0.3530194012195648
1.2199999999999998 0.34364574631629824
1.2300000000000004 0.3342377271247688
1.2400000000000002 0.3247962844390575
1.25 0.3153223623955642
1.2599999999999998 0.3058169083785984
1.2700000000000005 0.29628087292563904
1.2800000000000002 0.286715209632287
1.29 0.27712087505689936
1.2999999999999998 0.2674988286249378
1.3100000000000005 0.2578500325330267
1.3200000000000003 0.24817545165273605
1.33 0.238476053434091
1.3399999999999999 0.22875280780883056
1.3500000000000005 0.21900668709341353
1.3600000000000003 0.20923866589179152
1.37 0.19944972099794397
1.38 0.18964083129820244
1.3899999999999997 0.17981297767336288
1.4000000000000004 0.16996714290059758
1.4100000000000001 0.16010431155518
1.42 0.15022546991202515
1.4299999999999997 0.1403316058470653
1.4400000000000004 0.1304237087384605
1.4500000000000002 0.12050276936766753
1.46 0.11056977982035494
1.4699999999999998 0.1006257333871998
1.4800000000000004 0.09067162446455833
1.4900000000000002 0.08070844845502939
1.5 0.07073720166791042
1.5099999999999998 0.06075888121957076
1.5200000000000005 0.05077448493373961
1.5300000000000002 0.04078501124172656
1.54 0.03079145908257586
1.5499999999999998 0.020794827803175413
1.5600000000000005 0.010796117058322098
1.5700000000000003 0.0007963267107599643
1.58 -0.009203543268810472
1.5899999999999999 -0.01920249290172373
1.6000000000000005 -0.029199522301350273
1.6100000000000003 -0.039193631773078774
1.62 -0.04918382191429112
1.63 -0.05916909371429833
1.6399999999999997 -0.06914844865424137
1.6500000000000004 -0.07912088880694293
1.6600000000000001 -0.08908541693669617
1.67 -0.09904103659899285
1.6799999999999997 -0.10898675224016252
1.6900000000000004 -0.11892156929693003
1.7000000000000002 -0.12884449429586717
1.71 -0.1387545349527432
1.7199999999999998 -0.1486507002717512
1.7300000000000004 -0.15853200064460624
1.7400000000000002 -0.1683974479495038
1.75 -0.1782460556499356
1.7599999999999998 -0.18807683889333807
1.7700000000000005 -0.1978888146095804
1.7800000000000002 -0.20768100160926564
1.79 -0.21745242068185452
1.7999999999999998 -0.22720209469358255
1.8100000000000005 -0.2369290486851743
1.8200000000000003 -0.2466323099693345
1.83 -0.25631090822802116
1.8399999999999999 -0.2659638756094744
1.8500000000000005 -0.2755902468250005
1.8600000000000003 -0.28518905924549864
1.87 -0.29475935299772626
1.88 -0.3043001710602834
1.8899999999999997 -0.31381055935931457
1.9000000000000004 -0.32328956686391613
1.9100000000000001 -0.33273624568123494
1.92 -0.3421496511512626
1.9299999999999997 -0.3515288419412964
1.9400000000000004 -0.36087288014007457
1.9500000000000002 -0.37018083135156205
1.96 -0.37945176478839554
1.9699999999999998 -0.388684753364957
1.9800000000000004 -0.397878873790084
1.9900000000000002 -0.40703320665939435
2.0 -0.41614683654723067
2.01 -0.42521885209819915
2.0200000000000005 -0.4342483461183056
2.0300000000000002 -0.443234415665671
2.04 -0.4521761621408305
2.05 -0.46107269137658796
2.0600000000000005 -0.4699231137274347
2.0700000000000003 -0.4787265441585094
2.08 -0.4874821023341068
2.09 -0.49618891270570525
2.1000000000000005 -0.5048461045995246
2.1100000000000003 -0.5134528123035884
2.12 -0.5220081751542996
2.13 -0.5305113376225029
2.1399999999999997 -0.5389614493990375
2.1500000000000004 -0.5473576654797688
2.16 -0.5556991462500842
2.17 -0.5639850575688587
2.1799999999999997 -0.5722145708518658
2.1900000000000004 -0.5803868631546357
2.2 -0.5885011172547476
2.21 -0.5965565217335538
2.2199999999999998 -0.6045522710573198
2.2300000000000004 -0.612487565657777
2.24 -0.6203616120120765
2.25 -0.6281736227221457
2.26 -0.6359228165934232
2.2700000000000005 -0.6436084187129806
2.2800000000000002 -0.6512296605270091
2.29 -0.6587857799176787
2.3 -0.6662760212793474
2.3100000000000005 -0.6736996355941209
2.3200000000000003 -0.6810558805067536
2.33 -0.6883440203988832
2.34 -0.6955633264625953
2.3500000000000005 -0.7027130767732988
2.3600000000000003 -0.7097925563619195
2.37 -0.7168010572863983
2.38 -0.7237378787024832
2.3899999999999997 -0.7306023269338121
2.4000000000000004 -0.7373937155412825
2.41 -0.7441113653916919
2.42 -0.7507546047256527
2.4299999999999997 -0.7573227692247669
2.4400000000000004 -0.7638152020780586
2.45 -0.7702312540476508
2.46 -0.7765702835336933
2.4699999999999998 -0.7828316566385187
2.4800000000000004 -0.7890147472300352
2.49 -0.7951189370043334
2.5 -0.8011436155475233
2.51 -0.8070881803967705
2.5200000000000005 -0.8129520371005436
2.5300000000000002 -0.8187345992780574
2.54 -0.8244352886779125
2.55 -0.8300535352359196
2.5600000000000005 -0.8355887771321044
2.5700000000000003 -0.8410404608468889
2.58 -0.846408041216445
2.59 -0.8516909814872082
2.6000000000000005 -0.8568887533695547
2.6100000000000003 -0.862000837090627
2.62 -0.8670267214463135
2.63 -0.8719659038523674
2.6399999999999997 -0.8768178903946642
2.6500000000000004 -0.8815821958785943
2.66 -0.8862583438775792
2.67 -0.8908458667807173
2.6799999999999997 -0.8953443058395426
2.6900000000000004 -0.8997532112138992
2.7 -0.9040721420169242
2.71 -0.9083006663591394
2.7199999999999998 -0.9124383613916347
2.7300000000000004 -0.9164848133483576
2.74 -0.9204396175874854
2.75 -0.9243023786318928
2.76 -0.928072710208696
2.7700000000000005 -0.9317502352878817
2.7800000000000002 -0.9353345861200082
2.79 -0.9388254042729806
2.8 -0.9422223406678958
2.8100000000000005 -0.9455250556139457
2.8200000000000003 -0.9487332188423894
2.83 -0.9518465095395784
2.84 -0.9548646163790377
2.8500000000000005 -0.9577872375525988
2.8600000000000003 -0.9606140808005781
2.87 -0.9633448634410047
2.88 -0.9659793123978871
2.8899999999999997 -0.968517164228521
2.9000000000000004 -0.9709581651498318
2.91 -0.9733020710637541
2.92 -0.97554864758164
2.9299999999999997 -0.9776976700476975
2.9400000000000004 -0.9797489235614563
2.95 -0.9817022029992557
2.96 -0.9835573130347586
2.9699999999999998 -0.9853140681584822
2.9800000000000004 -0.986972292696348
2.99 -0.9885318208272486
3.0 -0.9899924965996306
