-3.0 1.821369211003871
-2.99 1.825647563921259
-2.98 1.8296042184711299
-2.97 1.833242259068693
-2.96 1.836564759796114
-2.95 1.8395747844025072
-2.94 1.8422753863039372
-2.93 1.8446696085834176
-2.92 1.846760483990912
-2.91 1.8485510349433412
-2.9 1.8500442735245684
-2.89 1.8512432014854148
-2.88 1.85215081024365
-2.87 1.8527700808839898
-2.86 1.853103984158107
-2.85 1.8531554804846193
-2.84 1.8529275199491004
-2.83 1.8524230423040713
-2.82 1.8516449769690064
-2.81 1.8505962430303295
-2.8 1.8492797492414135
-2.79 1.8476983940225864
-2.78 1.8458550654611185
-2.77 1.8437526413112408
-2.76 1.841393988994128
-2.75 1.838781965597911
-2.74 1.8359194178776654
-2.73 1.8328091822554216
-2.7199999999999998 1.829454084820159
-2.71 1.8258569413278112
-2.7 1.8220205572012564
-2.69 1.817947727530329
-2.68 1.8136412370718107
-2.67 1.8091038602494325
-2.66 1.8043383611538828
-2.65 1.799347493542796
-2.64 1.7941340008407587
-2.63 1.788700616139303
-2.62 1.783050062196919
-2.61 1.7771850514390457
-2.6 1.77110828595807
-2.59 1.7648224575133322
-2.58 1.7583302475311227
-2.57 1.7516343271046804
-2.56 1.7447373569941975
-2.55 1.7376419876268163
-2.54 1.7303508590966294
-2.53 1.722866601164681
-2.52 1.715191833258967
-2.51 1.7073291644744277
-2.5 1.6992811935729626
-2.49 1.691050508983419
-2.48 1.68263968880159
-2.4699999999999998 1.674051300790226
-2.46 1.6652879023790266
-2.45 1.6563520406646395
-2.44 1.6472462524106641
-2.4299999999999997 1.6379730640476526
-2.42 1.6285349916731062
-2.41 1.6189345410514766
-2.4 1.6091742076141677
-2.39 1.5992564764595298
-2.38 1.5891838223528711
-2.37 1.5789587097264437
-2.36 1.568583592679456
-2.35 1.5580609149780626
-2.34 1.5473931100553702
-2.33 1.536582601011439
-2.32 1.5256318006132763
-2.31 1.51454311129484
-2.3 1.5033189251570407
-2.29 1.4919616239677407
-2.2800000000000002 1.4804735791617512
-2.27 1.4688571518408313
-2.26 1.457114692773696
-2.25 1.4452485423960102
-2.24 1.4332610308103861
-2.23 1.42115447778639
-2.2199999999999998 1.4089311927605364
-2.21 1.3965934748362931
-2.2 1.3841436127840752
-2.19 1.3715838850412525
-2.1799999999999997 1.3589165597121413
-2.17 1.3461438945680135
-2.16 1.3332681370470891
-2.15 1.3202915242545359
-2.14 1.307216282962477
-2.13 1.2940446296099843
-2.12 1.2807787703030817
-2.11 1.267420900814741
-2.1 1.2539732065848876
-2.09 1.2404378627203951
-2.08 1.2268170339950915
-2.07 1.2131128748497515
-2.06 1.1993275293921017
-2.05 1.1854631313968196
-2.04 1.1715218043055378
-2.0300000000000002 1.1575056612268309
-2.02 1.1434168049362312
-2.01 1.129257327876216
-2.0 1.1150293121562216
-1.99 1.1007348295526291
-1.98 1.0863759415087686
-1.97 1.0719546991349238
-1.96 1.0574731432083309
-1.95 1.042933304173174
-1.94 1.0283372021405892
-1.93 1.0136868468886624
-1.92 0.9989842378624305
-1.91 0.984231364173881
-1.9 0.9694302046019541
-1.89 0.9545827275925359
-1.88 0.93969089125847
-1.8699999999999999 0.9247566433795453
-1.8599999999999999 0.9097819214025026
-1.8499999999999999 0.8947686524410337
-1.84 0.879718753275783
-1.83 0.8646341303543423
-1.82 0.8495166797912577
-1.81 0.8343682873680235
-1.8 0.8191908285330827
-1.79 0.8039861684018349
-1.78 0.7887561617566266
-1.77 0.7735026530467539
-1.76 0.7582274763884671
-1.75 0.7429324555649649
-1.74 0.7276194040263967
-1.73 0.7122901248898629
-1.72 0.6969464109394156
-1.71 0.6815900446260563
-1.7 0.6662227980677389
-1.69 0.650846433049366
-1.68 0.635462701022791
-1.67 0.6200733431068193
-1.66 0.6046800900872075
-1.65 0.5892846624166608
-1.64 0.5738887702148365
-1.63 0.5584941132683425
-1.6199999999999999 0.5431023810307377
-1.6099999999999999 0.5277152526225302
-1.5999999999999999 0.5123343968311802
-1.59 0.4969614721110992
-1.58 0.4815981265836471
-1.57 0.46624599803713784
-1.56 0.45090671392683224
-1.55 0.4355818913749443
-1.54 0.42027313717063797
-1.53 0.40498204777002944
-1.52 0.3897102092961826
-1.51 0.37445919753911494
-1.5 0.3592305779557928
-1.49 0.34402590567013447
-1.48 0.328846725473008
-1.47 0.31369457182223176
-1.46 0.29857096884257706
-1.45 0.2834774303257645
-1.44 0.26841545973046416
-1.43 0.2533865501822982
-1.42 0.23839218447383975
-1.41 0.22343383506461278
-1.4 0.20851296408109044
-1.39 0.19363102331669862
-1.38 0.17878945423181142
-1.3699999999999999 0.16398968795375624
-1.3599999999999999 0.1492331452768098
-1.3499999999999999 0.13452123666219967
-1.3399999999999999 0.11985536223810367
-1.33 0.10523691179965317
-1.32 0.09066726480892617
-1.31 0.07614779039495317
-1.3 0.06167984735371551
-1.29 0.04726478414814583
-1.28 0.03290393890812632
-1.27 0.018598639430490782
-1.26 0.004350203179022127
-1.25 -0.00984006271554333
-1.24 -0.02397086145552052
-1.23 -0.03804090657627335
-1.22 -0.052048921946215077
-1.21 -0.06599364176680722
-1.2 -0.0798738105725616
-1.19 -0.09368818323104
-1.18 -0.10743552494285208
-1.17 -0.12111461124165745
-1.16 -0.1347242279941639
-1.15 -0.1482631714001305
-1.14 -0.16173024799236435
-1.13 -0.17512427463672214
-1.1199999999999999 -0.18844407853210954
-1.1099999999999999 -0.20168849721048154
-1.0999999999999999 -0.21485637853684353
-1.0899999999999999 -0.22794658070924845
-1.08 -0.24095797225879906
-1.07 -0.2538894320496485
-1.06 -0.26673984927899835
-1.05 -0.2795081234770994
-1.04 -0.2921931645072516
-1.03 -0.30479389256580447
-1.02 -0.3173092381821567
-1.01 -0.3297381422187572
-1.0 -0.34207955587110245
-0.9899999999999998 -0.35433244066773883
-0.98 -0.36649576847026305
-0.9699999999999998 -0.3785685214733205
-0.96 -0.3905496922046044
-0.9500000000000002 -0.4024382835248595
-0.94 -0.41423330862787877
-0.9300000000000002 -0.4259337910405043
-0.9199999999999999 -0.43753876462262875
-0.9100000000000001 -0.44904727356719154
-0.8999999999999999 -0.46045837240018384
-0.8900000000000001 -0.4717711259806445
-0.8799999999999999 -0.4829846095006637
-0.8700000000000001 -0.49409790848537766
-0.8599999999999999 -0.505110118792975
-0.8500000000000001 -0.5160203466146918
-0.8399999999999999 -0.5268277084748147
-0.8300000000000001 -0.5375313312306782
-0.8199999999999998 -0.548130352072667
-0.81 -0.558623918524215
-0.7999999999999998 -0.5690111884418056
-0.79 -0.5792913300149706
-0.7799999999999998 -0.5894635217662919
-0.77 -0.5995269525514004
-0.7599999999999998 -0.6094808215589769
-0.75 -0.6193243383107502
-0.7399999999999998 -0.6290567226614993
-0.73 -0.6386772047990523
-0.7199999999999998 -0.6481850252442871
-0.71 -0.6575794348511297
-0.6999999999999997 -0.6668596948065564
-0.69 -0.6760250766305919
-0.6800000000000002 -0.6850748621763114
-0.6699999999999999 -0.6940083436298392
-0.6600000000000001 -0.7028248235103474
-0.6499999999999999 -0.7115236146700585
-0.6400000000000001 -0.7201040402942445
-0.6299999999999999 -0.728565433901227
-0.6200000000000001 -0.7369071393423747
-0.6099999999999999 -0.7451285108021085
-0.6000000000000001 -0.7532289127978966
-0.5899999999999999 -0.7612077201802578
-0.5800000000000001 -0.7690643181327583
-0.5699999999999998 -0.776798102172016
-0.56 -0.7844084781476961
-0.5499999999999998 -0.7918948622425148
-0.54 -0.7992566809722355
-0.5299999999999998 -0.8064933711856725
-0.52 -0.8136043800646892
-0.5099999999999998 -0.8205891651241981
-0.5 -0.8274471942121602
-0.48999999999999977 -0.8341779455095875
-0.48 -0.8407809075305392
-0.46999999999999975 -0.8472555791221257
-0.45999999999999996 -0.8536014694645054
-0.44999999999999973 -0.8598180980708868
-0.43999999999999995 -0.8659049947875271
-0.43000000000000016 -0.8718616997937326
-0.41999999999999993 -0.8776877636018607
-0.41000000000000014 -0.8833827470573151
-0.3999999999999999 -0.8889462213385512
-0.3900000000000001 -0.8943777679570728
-0.3799999999999999 -0.899676978757433
-0.3700000000000001 -0.9048434559172341
-0.3599999999999999 -0.909876811947128
-0.3500000000000001 -0.9147766696908156
-0.33999999999999986 -0.9195426623250476
-0.33000000000000007 -0.9241744333596229
-0.31999999999999984 -0.9286716366373908
-0.31000000000000005 -0.9330339363342495
-0.2999999999999998 -0.9372610069591464
-0.29000000000000004 -0.9413525333540781
-0.2799999999999998 -0.9453082106940908
-0.27 -0.9491277444872795
-0.2599999999999998 -0.9528108505747895
-0.25 -0.9563572551308139
-0.23999999999999977 -0.9597666946625965
-0.22999999999999998 -0.9630389160104291
-0.21999999999999975 -0.9661736763476543
-0.20999999999999996 -0.9691707431806622
-0.19999999999999973 -0.9720298943488941
-0.18999999999999995 -0.9747509180248386
-0.18000000000000016 -0.9773336127140354
-0.16999999999999993 -0.9797777872550724
-0.16000000000000014 -0.982083260819587
-0.1499999999999999 -0.9842498629122659
-0.14000000000000012 -0.9862774333708454
-0.1299999999999999 -0.9881658223661108
-0.1200000000000001 -0.9899148904018965
-0.10999999999999988 -0.9915245083150867
-0.10000000000000009 -0.9929945572756143
-0.08999999999999986 -0.994324928786462
-0.08000000000000007 -0.9955155246836614
-0.06999999999999984 -0.996566257136294
-0.06000000000000005 -0.9974770486464895
-0.04999999999999982 -0.9982478320494279
-0.040000000000000036 -0.998878550513338
-0.029999999999999805 -0.9993691575394982
-0.020000000000000018 -0.9997196169622358
-0.009999999999999787 -0.9999299029489276
0.0 -0.9999999999999998
0.010000000000000231 -0.9999299029489277
0.020000000000000018 -0.9997196169622359
0.03000000000000025 -0.9993691575394982
0.040000000000000036 -0.9988785505133381
0.050000000000000266 -0.9982478320494279
0.06000000000000005 -0.9974770486464896
0.07000000000000028 -0.9965662571362939
0.08000000000000007 -0.9955155246836616
0.08999999999999986 -0.9943249287864621
0.10000000000000009 -0.9929945572756144
0.10999999999999988 -0.9915245083150868
0.1200000000000001 -0.9899148904018966
0.1299999999999999 -0.9881658223661108
0.14000000000000012 -0.9862774333708455
0.1499999999999999 -0.984249862912266
0.16000000000000014 -0.9820832608195869
0.16999999999999993 -0.9797777872550724
0.18000000000000016 -0.9773336127140353
0.18999999999999995 -0.9747509180248387
0.20000000000000018 -0.9720298943488939
0.20999999999999996 -0.9691707431806623
0.2200000000000002 -0.9661736763476542
0.22999999999999998 -0.9630389160104293
0.2400000000000002 -0.9597666946625963
0.25 -0.9563572551308139
0.26000000000000023 -0.9528108505747894
0.27 -0.9491277444872798
0.28000000000000025 -0.9453082106940908
0.29000000000000004 -0.9413525333540782
0.30000000000000027 -0.9372610069591463
0.31000000000000005 -0.9330339363342495
0.3200000000000003 -0.9286716366373907
0.33000000000000007 -0.9241744333596229
0.33999999999999986 -0.9195426623250476
0.3500000000000001 -0.9147766696908156
0.3599999999999999 -0.9098768119471281
0.3700000000000001 -0.9048434559172341
0.3799999999999999 -0.8996769787574331
0.3900000000000001 -0.8943777679570728
0.3999999999999999 -0.8889462213385514
0.41000000000000014 -0.8833827470573151
0.41999999999999993 -0.8776877636018606
0.43000000000000016 -0.871861699793733
0.43999999999999995 -0.865904994787527
0.4500000000000002 -0.8598180980708867
0.45999999999999996 -0.8536014694645055
0.4700000000000002 -0.8472555791221257
0.48 -0.8407809075305392
0.4900000000000002 -0.8341779455095872
0.5 -0.8274471942121604
0.5100000000000002 -0.8205891651241978
0.52 -0.8136043800646894
0.5300000000000002 -0.8064933711856724
0.54 -0.7992566809722355
0.5500000000000003 -0.7918948622425145
0.56 -0.7844084781476963
0.5700000000000003 -0.7767981021720158
0.5800000000000001 -0.7690643181327584
0.5899999999999999 -0.7612077201802578
0.6000000000000001 -0.7532289127978968
0.6099999999999999 -0.7451285108021088
0.6200000000000001 -0.7369071393423748
0.6299999999999999 -0.7285654339012269
0.6400000000000001 -0.7201040402942448
0.6499999999999999 -0.7115236146700588
0.6600000000000001 -0.7028248235103474
0.6699999999999999 -0.6940083436298393
0.6800000000000002 -0.6850748621763117
0.69 -0.6760250766305922
0.7000000000000002 -0.6668596948065562
0.71 -0.6575794348511297
0.7200000000000002 -0.6481850252442869
0.73 -0.6386772047990525
0.7400000000000002 -0.6290567226614991
0.75 -0.6193243383107502
0.7600000000000002 -0.6094808215589766
0.77 -0.5995269525514006
0.7800000000000002 -0.5894635217662918
0.79 -0.5792913300149707
0.8000000000000003 -0.5690111884418053
0.81 -0.5586239185242152
0.8200000000000003 -0.5481303520726668
0.8300000000000001 -0.5375313312306782
0.8399999999999999 -0.526827708474815
0.8500000000000001 -0.5160203466146921
0.8599999999999999 -0.5051101187929753
0.8700000000000001 -0.49409790848537777
0.8799999999999999 -0.4829846095006638
0.8900000000000001 -0.4717711259806449
0.8999999999999999 -0.46045837240018406
0.9100000000000001 -0.44904727356719165
0.9199999999999999 -0.43753876462262886
0.9300000000000002 -0.42593379104050466
0.94 -0.4142333086278791
0.9500000000000002 -0.40243828352485955
0.96 -0.39054969220460456
0.9700000000000002 -0.37856852147332
0.98 -0.36649576847026333
0.9900000000000002 -0.35433244066773883
1.0 -0.3420795558711024
1.0099999999999998 -0.3297381422187576
1.0200000000000005 -0.3173092381821566
1.0300000000000002 -0.3047938925658044
1.04 -0.29219316450725175
1.0499999999999998 -0.27950812347709986
1.0600000000000005 -0.2667398492789982
1.0700000000000003 -0.25388943204964864
1.08 -0.24095797225879934
1.0899999999999999 -0.22794658070924856
1.0999999999999996 -0.21485637853684403
1.1100000000000003 -0.2016884972104814
1.12 -0.18844407853210943
1.13 -0.17512427463672234
1.1399999999999997 -0.16173024799236496
1.1500000000000004 -0.14826317140013026
1.1600000000000001 -0.13472422799416384
1.17 -0.12111461124165737
1.1799999999999997 -0.10743552494285269
1.1900000000000004 -0.09368818323103989
1.2000000000000002 -0.0798738105725619
1.21 -0.06599364176680733
1.2199999999999998 -0.0520489219462153
1.2300000000000004 -0.03804090657627293
1.2400000000000002 -0.02397086145552041
1.25 -0.009840062715543468
1.2599999999999998 0.0043502031790216555
1.2700000000000005 0.0185986394304907
1.2800000000000002 0.03290393890812621
1.29 0.04726478414814547
1.2999999999999998 0.06167984735371501
1.3100000000000005 0.07614779039495342
1.3200000000000003 0.09066726480892619
1.33 0.10523691179965329
1.3399999999999999 0.11985536223810417
1.3500000000000005 0.13452123666220034
1.3600000000000003 0.14923314527681
1.37 0.16398968795375612
1.38 0.17878945423181092
1.3899999999999997 0.19363102331669746
1.4000000000000004 0.20851296408109082
1.4100000000000001 0.22343383506461267
1.42 0.2383921844738397
1.4299999999999997 0.25338655018229744
1.4400000000000004 0.26841545973046416
1.4500000000000002 0.2834774303257642
1.46 0.2985709688425771
1.4699999999999998 0.3136945718222315
1.4800000000000004 0.32884672547300803
1.4900000000000002 0.34402590567013436
1.5 0.3592305779557926
1.5099999999999998 0.3744591975391143
1.5200000000000005 0.3897102092961831
1.5300000000000002 0.4049820477700292
1.54 0.42027313717063786
1.5499999999999998 0.43558189137494335
1.5600000000000005 0.45090671392683224
1.5700000000000003 0.4662459980371375
1.58 0.4815981265836471
1.5899999999999999 0.4969614721110985
1.6000000000000005 0.5123343968311809
1.6100000000000003 0.5277152526225302
1.62 0.5431023810307373
1.63 0.5584941132683421
1.6399999999999997 0.5738887702148356
1.6500000000000004 0.5892846624166609
1.6600000000000001 0.6046800900872072
1.67 0.620073343106819
1.6799999999999997 0.6354627010227899
1.6900000000000004 0.6508464330493657
1.7000000000000002 0.6662227980677389
1.71 0.6815900446260564
1.7199999999999998 0.696946410939415
1.7300000000000004 0.7122901248898632
1.7400000000000002 0.7276194040263964
1.75 0.7429324555649642
1.7599999999999998 0.7582274763884663
1.7700000000000005 0.7735026530467544
1.7800000000000002 0.7887561617566261
1.79 0.8039861684018346
1.7999999999999998 0.8191908285330819
1.8100000000000005 0.8343682873680227
1.8200000000000003 0.8495166797912576
1.83 0.8646341303543423
1.8399999999999999 0.8797187532757821
1.8500000000000005 0.8947686524410341
1.8600000000000003 0.909781921402502
1.87 0.9247566433795446
1.88 0.9396908912584696
1.8899999999999997 0.9545827275925359
1.9000000000000004 0.969430204601954
1.9100000000000001 0.9842313641738811
1.92 0.99898423786243
1.9299999999999997 1.0136868468886615
1.9400000000000004 1.0283372021405894
1.9500000000000002 1.0429333041731743
1.96 1.0574731432083306
1.9699999999999998 1.0719546991349231
1.9800000000000004 1.086375941508768
1.9900000000000002 1.1007348295526282
2.0 1.115029312156222
2.01 1.1292573278762168
2.0200000000000005 1.1434168049362308
2.0300000000000002 1.1575056612268309
2.04 1.1715218043055373
2.05 1.1854631313968205
2.0600000000000005 1.199327529392102
2.0700000000000003 1.213112874849751
2.08 1.226817033995091
2.09 1.2404378627203951
2.1000000000000005 1.253973206584888
2.1100000000000003 1.2674209008147415
2.12 1.2807787703030815
2.13 1.2940446296099846
2.1399999999999997 1.3072162829624765
2.1500000000000004 1.3202915242545363
2.16 1.333268137047089
2.17 1.3461438945680142
2.1799999999999997 1.3589165597121418
2.1900000000000004 1.3715838850412525
2.2 1.3841436127840754
2.21 1.3965934748362925
2.2199999999999998 1.408931192760536
2.2300000000000004 1.42115447778639
2.24 1.4332610308103864
2.25 1.44524854239601
2.26 1.457114692773696
2.2700000000000005 1.468857151840831
2.2800000000000002 1.4804735791617498
2.29 1.49196162396774
2.3 1.50331892515704
2.3100000000000005 1.5145431112948395
2.3200000000000003 1.5256318006132752
2.33 1.5365826010114385
2.34 1.5473931100553704
2.3500000000000005 1.5580609149780626
2.3600000000000003 1.568583592679456
2.37 1.578958709726444
2.38 1.58918382235287
2.3899999999999997 1.599256476459529
2.4000000000000004 1.6091742076141664
2.41 1.6189345410514762
2.42 1.6285349916731058
2.4299999999999997 1.6379730640476522
2.4400000000000004 1.6472462524106646
2.45 1.6563520406646393
2.46 1.6652879023790264
2.4699999999999998 1.6740513007902265
2.4800000000000004 1.6826396888015902
2.49 1.6910505089834182
2.5 1.699281193572963
2.51 1.7073291644744275
2.5200000000000005 1.715191833258966
2.5300000000000002 1.7228666011646814
2.54 1.7303508590966297
2.55 1.7376419876268157
2.5600000000000005 1.744737356994197
2.5700000000000003 1.75163432710468
2.58 1.758330247531122
2.59 1.7648224575133322
2.6000000000000005 1.771108285958071
2.6100000000000003 1.7771850514390461
2.62 1.7830500621969194
2.63 1.7887006161393022
2.6399999999999997 1.7941340008407565
2.6500000000000004 1.7993474935427958
2.66 1.8043383611538826
2.67 1.8091038602494318
2.6799999999999997 1.8136412370718078
2.6900000000000004 1.8179477275303273
2.7 1.8220205572012556
2.71 1.8258569413278103
2.7199999999999998 1.8294540848201593
2.7300000000000004 1.832809182255421
2.74 1.8359194178776643
2.75 1.8387819655979099
2.76 1.8413939889941278
2.7700000000000005 1.84375264131124
2.7800000000000002 1.8458550654611177
2.79 1.8476983940225844
2.8 1.8492797492414137
2.8100000000000005 1.8505962430303293
2.8200000000000003 1.8516449769690064
2.83 1.852423042304071
2.84 1.8529275199490989
2.8500000000000005 1.8531554804846175
2.8600000000000003 1.8531039841581047
2.87 1.8527700808839886
2.88 1.8521508102436488
2.8899999999999997 1.851243201485415
2.9000000000000004 1.8500442735245681
2.91 1.8485510349433392
2.92 1.8467604839909106
2.9299999999999997 1.8446696085834147
2.9400000000000004 1.8422753863039354
2.95 1.8395747844025068
2.96 1.8365647597961137
2.9699999999999998 1.8332422590686919
2.9800000000000004 1.8296042184711274
2.99 1.825647563921258
3.0 1.8213692110038708
