-3.0 -0.9899924966004454
-2.99 -0.9767479909841827
-2.98 -0.9635477074233995
-2.97 -0.9503916459180968
-2.96 -0.9372798064682736
-2.95 -0.9242121890739309
-2.94 -0.9111887937350678
-2.93 -0.8982096204516851
-2.92 -0.885274669223782
-2.91 -0.8723839400513593
-2.9 -0.8595374329344162
-2.89 -0.8467351478729536
-2.88 -0.8339770848669704
-2.87 -0.8212632439164678
-2.86 -0.8085936250214446
-2.85 -0.7959682281819022
-2.84 -0.783387053397839
-2.83 -0.7708501006692565
-2.82 -0.7583573699961533
-2.81 -0.745908861378531
-2.8 -0.7335045748163878
-2.79 -0.7211445103097254
-2.78 -0.7088286678585423
-2.77 -0.6965570474628398
-2.76 -0.6843296491226167
-2.75 -0.6721464728378743
-2.74 -0.6600075186086118
-2.73 -0.6479127864348289
-2.7199999999999998 -0.6358622763165259
-2.71 -0.6238559882537034
-2.7 -0.611893922246361
-2.69 -0.5999760782944981
-2.68 -0.5881024563981156
-2.67 -0.5762730565572127
-2.66 -0.5644878787717904
-2.65 -0.5527469230418475
-2.64 -0.5410501893673851
-2.63 -0.5293976777484022
-2.62 -0.5177893881848998
-2.61 -0.506225320676877
-2.6 -0.49470547522433467
-2.59 -0.4832298518272718
-2.58 -0.4717984504856896
-2.57 -0.4604112711995867
-2.56 -0.44906831396896446
-2.55 -0.4377695787938216
-2.54 -0.42651506567415925
-2.53 -0.41530477460997656
-2.52 -0.40413870560127424
-2.51 -0.3930168586480516
-2.5 -0.3819392337503093
-2.49 -0.37090583090804713
-2.48 -0.35991665012126434
-2.4699999999999998 -0.3489716913899617
-2.46 -0.33807095471413945
-2.45 -0.32721444009379724
-2.44 -0.3164021475289346
-2.4299999999999997 -0.305634077019552
-2.42 -0.29491022856564975
-2.41 -0.2842306021672276
-2.4 -0.273595197824285
-2.39 -0.26300401553682284
-2.38 -0.25245705530484025
-2.37 -0.24195431712833804
-2.36 -0.2314958010073156
-2.35 -0.22108150694177336
-2.34 -0.2107114349317109
-2.33 -0.20038558497712877
-2.32 -0.19010395707802624
-2.31 -0.17986655123440415
-2.3 -0.16967336744626166
-2.29 -0.1595244057135996
-2.2800000000000002 -0.14941966603641754
-2.27 -0.13935914841471508
-2.26 -0.12934285284849262
-2.25 -0.11937077933775064
-2.24 -0.10944292788248855
-2.23 -0.09955929848270617
-2.2199999999999998 -0.08971989113840367
-2.21 -0.07992470584958178
-2.2 -0.07017374261623976
-2.19 -0.060467001438377244
-2.1799999999999997 -0.05080448231599499
-2.17 -0.041186185249092955
-2.16 -0.03161211023767113
-2.15 -0.02208225728172869
-2.14 -0.012596626381266851
-2.13 -0.0031552175362844492
-2.12 0.00624196925321735
-2.11 0.015594933987239767
-2.1 0.024903676665781638
-2.09 0.034168197288843905
-2.08 0.043388495856425846
-2.07 0.05256457236852802
-2.06 0.06169642682514992
-2.05 0.0707840592262921
-2.04 0.07982746957195402
-2.0300000000000002 0.08882665786213584
-2.02 0.097781624096838
-2.01 0.10669236827606021
-2.0 0.115558890399802
-1.99 0.12438119046806395
-1.98 0.13315926848084592
-1.97 0.1418931244381479
-1.96 0.1505827583399698
-1.95 0.15922817018631175
-1.94 0.1678293599771737
-1.93 0.17638632771255558
-1.92 0.18489907339245748
-1.91 0.19336759701687944
-1.9 0.20179189858582136
-1.89 0.21017197809928323
-1.88 0.21850783555726516
-1.8699999999999999 0.22679947095976705
-1.8599999999999999 0.23504688430678888
-1.8499999999999999 0.24325007559833073
-1.84 0.2514090448343923
-1.83 0.2595237920149741
-1.82 0.2675943171400759
-1.81 0.2756206202096977
-1.8 0.28360270122383957
-1.79 0.29154056018250135
-1.78 0.29943419708568314
-1.77 0.3072836119333849
-1.76 0.31508880472560663
-1.75 0.3228497754623484
-1.74 0.3305665241436101
-1.73 0.3382390507693918
-1.72 0.34586735533969354
-1.71 0.3534514378545152
-1.7 0.360991298313857
-1.69 0.36848693671771865
-1.68 0.37593835306610035
-1.67 0.383345547359002
-1.66 0.39070851959642366
-1.65 0.3980272697783653
-1.64 0.4053017979048269
-1.63 0.41253210397580853
-1.6199999999999999 0.4197181879913101
-1.6099999999999999 0.4268600499513317
-1.5999999999999999 0.4339576898558733
-1.59 0.44101110770493474
-1.58 0.44802030349851635
-1.57 0.45498527723661786
-1.56 0.46190602891923943
-1.55 0.46878255854638096
-1.54 0.4756148661180425
-1.53 0.48240295163422403
-1.52 0.4891468150949255
-1.51 0.495846456500147
-1.5 0.5025018758498885
-1.49 0.5091130731441501
-1.48 0.5156800483829315
-1.47 0.522202801566233
-1.46 0.5286813326940544
-1.45 0.5351156417663959
-1.44 0.5415057287832572
-1.43 0.5478515937446388
-1.42 0.5541532366505401
-1.41 0.5604106575009616
-1.4 0.566623856295903
-1.39 0.5727928330353644
-1.38 0.5789175877193459
-1.3699999999999999 0.5849981203478472
-1.3599999999999999 0.5910344309208686
-1.3499999999999999 0.5970265194384099
-1.3399999999999999 0.6029743859004713
-1.33 0.6088780303070522
-1.32 0.6147374526581537
-1.31 0.6205526529537748
-1.3 0.6263236311939162
-1.29 0.6320503873785777
-1.28 0.6377329215077587
-1.27 0.6433712335814602
-1.26 0.6489653235996813
-1.25 0.6545151915624227
-1.24 0.6600208374696839
-1.23 0.6654822613214652
-1.22 0.6708994631177663
-1.21 0.6762724428585876
-1.2 0.6816012005439286
-1.19 0.6868857361737899
-1.18 0.6921260497481709
-1.17 0.6973221412670723
-1.16 0.7024740107304932
-1.15 0.7075816581384345
-1.14 0.7126450834908955
-1.13 0.7176642867878769
-1.1199999999999999 0.7226392680293778
-1.1099999999999999 0.7275700272153991
-1.0999999999999999 0.73245656434594
-1.0899999999999999 0.7372988794210011
-1.08 0.7420969724405821
-1.07 0.7468508434046832
-1.06 0.7515604923133044
-1.05 0.7562259191664453
-1.04 0.7608471239641064
-1.03 0.7654241067062872
-1.02 0.7699568673929884
-1.01 0.7744454060242093
-1.0 0.7788897225999505
-0.9899999999999998 0.7832898171202114
-0.98 0.7876456895849924
-0.9699999999999998 0.7919573399942934
-0.96 0.7962247683481143
-0.9500000000000002 0.8004479746464552
-0.94 0.8046269588893162
-0.9300000000000002 0.8087617210766971
-0.9199999999999999 0.812852261208598
-0.9100000000000001 0.8168985792850189
-0.8999999999999999 0.8209006753059598
-0.8900000000000001 0.8248585492714207
-0.8799999999999999 0.8287722011814016
-0.8700000000000001 0.8326416310359024
-0.8599999999999999 0.8364668388349232
-0.8500000000000001 0.8402478245784641
-0.8399999999999999 0.8439845882665249
-0.8300000000000001 0.8476771298991057
-0.8199999999999998 0.8513254494762066
-0.81 0.8549295469978273
-0.7999999999999998 0.8584894224639682
-0.79 0.8620050758746289
-0.7799999999999998 0.8654765072298098
-0.77 0.8689037165295105
-0.7599999999999998 0.8722867037737315
-0.75 0.8756254689624721
-0.7399999999999998 0.878920012095733
-0.73 0.8821703331735133
-0.7199999999999998 0.8853764321958144
-0.71 0.8885383091626349
-0.6999999999999997 0.8916559640739758
-0.69 0.8947293969298364
-0.6800000000000002 0.8977586077302169
-0.6699999999999999 0.9007435964751178
-0.6600000000000001 0.9036843631645382
-0.6499999999999999 0.9065809077984792
-0.6400000000000001 0.9094332303769395
-0.6299999999999999 0.9122413308999204
-0.6200000000000001 0.9150052093674208
-0.6099999999999999 0.9177248657794417
-0.6000000000000001 0.9204003001359822
-0.5899999999999999 0.9230315124370427
-0.5800000000000001 0.9256185026826234
-0.5699999999999998 0.9281612708727239
-0.56 0.9306598170073445
-0.5499999999999998 0.933114141086485
-0.54 0.9355242431101456
-0.5299999999999998 0.9378901230783261
-0.52 0.9402117809910265
-0.5099999999999998 0.942489216848247
-0.5 0.9447224306499875
-0.48999999999999977 0.946911422396248
-0.48 0.9490561920870285
-0.46999999999999975 0.9511567397223291
-0.45999999999999996 0.9532130653021494
-0.44999999999999973 0.9552251688264899
-0.43999999999999995 0.9571930502953503
-0.43000000000000016 0.9591167097087308
-0.41999999999999993 0.9609961470666312
-0.41000000000000014 0.9628313623690516
-0.3999999999999999 0.9646223556159921
-0.3900000000000001 0.9663691268074523
-0.3799999999999999 0.9680716759434328
-0.3700000000000001 0.9697300030239331
-0.3599999999999999 0.9713441080489535
-0.3500000000000001 0.9729139910184939
-0.33999999999999986 0.9744396519325542
-0.33000000000000007 0.9759210907911345
-0.31999999999999984 0.9773583075942348
-0.31000000000000005 0.9787513023418551
-0.2999999999999998 0.9801000750339954
-0.29000000000000004 0.9814046256706557
-0.2799999999999998 0.982664954251836
-0.27 0.9838810607775362
-0.2599999999999998 0.9850529452477566
-0.25 0.9861806076624968
-0.23999999999999977 0.987264048021757
-0.22999999999999998 0.9883032663255372
-0.21999999999999975 0.9892982625738375
-0.20999999999999996 0.9902490367666577
-0.19999999999999973 0.9911555889039978
-0.18999999999999995 0.992017918985858
-0.18000000000000016 0.9928360270122383
-0.16999999999999993 0.9936099129831384
-0.16000000000000014 0.9943395768985586
-0.1499999999999999 0.9950250187584987
-0.14000000000000012 0.9956662385629589
-0.1299999999999999 0.996263236311939
-0.1200000000000001 0.9968160120054391
-0.10999999999999988 0.9973245656434592
-0.10000000000000009 0.9977888972259993
-0.08999999999999986 0.9982090067530593
-0.08000000000000007 0.9985848942246395
-0.06999999999999984 0.9989165596407398
-0.06000000000000005 0.9992040030013596
-0.04999999999999982 0.9994472243064999
-0.040000000000000036 0.9996462235561597
-0.029999999999999805 0.99980100075034
-0.020000000000000018 0.9999115558890398
-0.009999999999999787 0.9999778889722599
0.0 0.9999999999999998
0.010000000000000231 0.9999778889722599
0.020000000000000018 0.99991155588904
0.03000000000000025 0.99980100075034
0.040000000000000036 0.9996462235561597
0.050000000000000266 0.9994472243064996
0.06000000000000005 0.9992040030013598
0.07000000000000028 0.9989165596407397
0.08000000000000007 0.9985848942246394
0.08999999999999986 0.9982090067530596
0.10000000000000009 0.9977888972259994
0.10999999999999988 0.9973245656434592
0.1200000000000001 0.996816012005439
0.1299999999999999 0.9962632363119391
0.14000000000000012 0.995666238562959
0.1499999999999999 0.9950250187584986
0.16000000000000014 0.9943395768985585
0.16999999999999993 0.9936099129831385
0.18000000000000016 0.9928360270122383
0.18999999999999995 0.992017918985858
0.20000000000000018 0.9911555889039977
0.20999999999999996 0.9902490367666578
0.2200000000000002 0.9892982625738375
0.22999999999999998 0.9883032663255371
0.2400000000000002 0.9872640480217572
0.25 0.9861806076624968
0.26000000000000023 0.9850529452477566
0.27 0.9838810607775361
0.28000000000000025 0.9826649542518362
0.29000000000000004 0.9814046256706557
0.30000000000000027 0.9801000750339953
0.31000000000000005 0.9787513023418554
0.3200000000000003 0.9773583075942349
0.33000000000000007 0.9759210907911344
0.33999999999999986 0.974439651932554
0.3500000000000001 0.9729139910184941
0.3599999999999999 0.9713441080489535
0.3700000000000001 0.9697300030239331
0.3799999999999999 0.9680716759434325
0.3900000000000001 0.9663691268074526
0.3999999999999999 0.964622355615992
0.41000000000000014 0.9628313623690514
0.41999999999999993 0.9609961470666314
0.43000000000000016 0.9591167097087309
0.43999999999999995 0.9571930502953503
0.4500000000000002 0.9552251688264898
0.45999999999999996 0.9532130653021496
0.4700000000000002 0.9511567397223291
0.48 0.9490561920870284
0.4900000000000002 0.9469114223962478
0.5 0.9447224306499877
0.5100000000000002 0.942489216848247
0.52 0.9402117809910264
0.5300000000000002 0.9378901230783259
0.54 0.9355242431101456
0.5500000000000003 0.9331141410864849
0.56 0.9306598170073443
0.5700000000000003 0.9281612708727236
0.5800000000000001 0.9256185026826234
0.5899999999999999 0.9230315124370426
0.6000000000000001 0.920400300135982
0.6099999999999999 0.9177248657794417
0.6200000000000001 0.915005209367421
0.6299999999999999 0.9122413308999202
0.6400000000000001 0.9094332303769395
0.6499999999999999 0.9065809077984791
0.6600000000000001 0.9036843631645384
0.6699999999999999 0.9007435964751176
0.6800000000000002 0.8977586077302169
0.69 0.8947293969298364
0.7000000000000002 0.8916559640739756
0.71 0.8885383091626348
0.7200000000000002 0.8853764321958141
0.73 0.8821703331735136
0.7400000000000002 0.8789200120957328
0.75 0.8756254689624718
0.7600000000000002 0.872286703773731
0.77 0.8689037165295106
0.7800000000000002 0.8654765072298096
0.79 0.8620050758746288
0.8000000000000003 0.8584894224639679
0.81 0.8549295469978274
0.8200000000000003 0.8513254494762065
0.8300000000000001 0.8476771298991056
0.8399999999999999 0.843984588266525
0.8500000000000001 0.8402478245784641
0.8599999999999999 0.8364668388349231
0.8700000000000001 0.8326416310359022
0.8799999999999999 0.8287722011814016
0.8900000000000001 0.8248585492714207
0.8999999999999999 0.8209006753059597
0.9100000000000001 0.8168985792850186
0.9199999999999999 0.812852261208598
0.9300000000000002 0.8087617210766971
0.94 0.8046269588893159
0.9500000000000002 0.8004479746464553
0.96 0.7962247683481143
0.9700000000000002 0.7919573399942932
0.98 0.7876456895849921
0.9900000000000002 0.7832898171202115
1.0 0.7788897225999504
1.0099999999999998 0.7744454060242092
1.0200000000000005 0.7699568673929881
1.0300000000000002 0.7654241067062875
1.04 0.7608471239641063
1.0499999999999998 0.7562259191664451
1.0600000000000005 0.7515604923133039
1.0700000000000003 0.7468508434046832
1.08 0.742096972440582
1.0899999999999999 0.7372988794210014
1.0999999999999996 0.7324565643459402
1.1100000000000003 0.7275700272153989
1.12 0.7226392680293776
1.13 0.7176642867878769
1.1399999999999997 0.7126450834908957
1.1500000000000004 0.7075816581384342
1.1600000000000001 0.7024740107304932
1.17 0.6973221412670723
1.1799999999999997 0.6921260497481712
1.1900000000000004 0.6868857361737897
1.2000000000000002 0.6816012005439285
1.21 0.6762724428585876
1.2199999999999998 0.6708994631177663
1.2300000000000004 0.6654822613214648
1.2400000000000002 0.6600208374696837
1.25 0.6545151915624225
1.2599999999999998 0.6489653235996813
1.2700000000000005 0.6433712335814599
1.2800000000000002 0.6377329215077585
1.29 0.6320503873785777
1.2999999999999998 0.6263236311939162
1.3100000000000005 0.6205526529537746
1.3200000000000003 0.6147374526581533
1.33 0.6088780303070525
1.3399999999999999 0.602974385900471
1.3500000000000005 0.5970265194384095
1.3600000000000003 0.5910344309208679
1.37 0.5849981203478469
1.38 0.5789175877193455
1.3899999999999997 0.5727928330353647
1.4000000000000004 0.5666238562959023
1.4100000000000001 0.5604106575009615
1.42 0.55415323665054
1.4299999999999997 0.5478515937446391
1.4400000000000004 0.5415057287832568
1.4500000000000002 0.5351156417663958
1.46 0.5286813326940543
1.4699999999999998 0.5222028015662332
1.4800000000000004 0.5156800483829314
1.4900000000000002 0.50911307314415
1.5 0.5025018758498883
1.5099999999999998 0.49584645650014747
1.5200000000000005 0.4891468150949252
1.5300000000000002 0.4824029516342241
1.54 0.47561486611804216
1.5499999999999998 0.46878255854638073
1.5600000000000005 0.4619060289192394
1.5700000000000003 0.4549852772366174
1.58 0.4480203034985164
1.5899999999999999 0.441011107704935
1.6000000000000005 0.4339576898558728
1.6100000000000003 0.42686004995133153
1.62 0.4197181879913101
1.63 0.4125321039758081
1.6399999999999997 0.405301797904827
1.6500000000000004 0.39802726977836467
1.6600000000000001 0.3907085195964233
1.67 0.38334554735900195
1.6799999999999997 0.3759383530661
1.6900000000000004 0.36848693671771837
1.7000000000000002 0.360991298313857
1.71 0.3534514378545148
1.7199999999999998 0.3458673553396938
1.7300000000000004 0.3382390507693913
1.7400000000000002 0.33056652414360954
1.75 0.3228497754623485
1.7599999999999998 0.3150888047256064
1.7700000000000005 0.3072836119333846
1.7800000000000002 0.2994341970856831
1.79 0.29154056018250096
1.7999999999999998 0.2836027012238398
1.8100000000000005 0.27562062020969713
1.8200000000000003 0.2675943171400754
1.83 0.2595237920149742
1.8399999999999999 0.25140904483439286
1.8500000000000005 0.24325007559833023
1.8600000000000003 0.23504688430678855
1.87 0.2267994709597665
1.88 0.21850783555726494
1.8899999999999997 0.21017197809928323
1.9000000000000004 0.20179189858582047
1.9100000000000001 0.19336759701687933
1.92 0.18489907339245804
1.9299999999999997 0.17638632771255525
1.9400000000000004 0.16782935997717363
1.9500000000000002 0.15922817018631097
1.96 0.15058275833996992
1.9699999999999998 0.14189312443814783
1.9800000000000004 0.13315926848084514
1.9900000000000002 0.12438119046806362
2.0 0.11555889039980238
2.01 0.10669236827605966
2.0200000000000005 0.09778162409683766
2.0300000000000002 0.0888266578621355
2.04 0.07982746957195408
2.05 0.07078405922629205
2.0600000000000005 0.061696426825148976
2.0700000000000003 0.05256457236852752
2.08 0.043388495856426346
2.09 0.03416819728884324
2.1000000000000005 0.024903676665781305
2.1100000000000003 0.015594933987238768
2.12 0.006241969253217405
2.13 -0.0031552175362845603
2.1399999999999997 -0.01259662638126624
2.1500000000000004 -0.022082257281728968
2.16 -0.03161211023767052
2.17 -0.041186185249093565
2.1799999999999997 -0.05080448231599499
2.1900000000000004 -0.060467001438377466
2.2 -0.0701737426162401
2.21 -0.079924705849582
2.2199999999999998 -0.08971989113840362
2.2300000000000004 -0.09955929848270673
2.24 -0.10944292788248866
2.25 -0.1193707793377512
2.26 -0.129342852848493
2.2700000000000005 -0.13935914841471497
2.2800000000000002 -0.149419666036418
2.29 -0.15952440571359983
2.3 -0.16967336744626138
2.3100000000000005 -0.17986655123440487
2.3200000000000003 -0.19010395707802674
2.33 -0.20038558497712833
2.34 -0.21071143493171096
2.3500000000000005 -0.2210815069417733
2.3600000000000003 -0.2314958010073167
2.37 -0.24195431712833848
2.38 -0.25245705530484
2.3899999999999997 -0.2630040155368234
2.4000000000000004 -0.27359519782428565
2.41 -0.2842306021672272
2.42 -0.2949102285656502
2.4299999999999997 -0.3056340770195525
2.4400000000000004 -0.3164021475289358
2.45 -0.3272144400937975
2.46 -0.3380709547141394
2.4699999999999998 -0.3489716913899614
2.4800000000000004 -0.35991665012126495
2.49 -0.37090583090804685
2.5 -0.3819392337503098
2.51 -0.393016858648052
2.5200000000000005 -0.4041387056012753
2.5300000000000002 -0.4153047746099774
2.54 -0.4265150656741592
2.55 -0.4377695787938216
2.5600000000000005 -0.44906831396896507
2.5700000000000003 -0.4604112711995869
2.58 -0.4717984504856898
2.59 -0.4832298518272724
2.6000000000000005 -0.4947054752243356
2.6100000000000003 -0.5062253206768776
2.62 -0.5177893881848998
2.63 -0.5293976777484022
2.6399999999999997 -0.5410501893673851
2.6500000000000004 -0.5527469230418478
2.66 -0.5644878787717906
2.67 -0.5762730565572132
2.6799999999999997 -0.588102456398115
2.6900000000000004 -0.5999760782944987
2.7 -0.6118939222463609
2.71 -0.6238559882537036
2.7199999999999998 -0.6358622763165265
2.7300000000000004 -0.6479127864348291
2.74 -0.6600075186086123
2.75 -0.6721464728378748
2.76 -0.684329649122617
2.7700000000000005 -0.6965570474628406
2.7800000000000002 -0.7088286678585431
2.79 -0.7211445103097254
2.8 -0.7335045748163882
2.8100000000000005 -0.7459088613785312
2.8200000000000003 -0.7583573699961548
2.83 -0.7708501006692567
2.84 -0.7833870533978389
2.8500000000000005 -0.7959682281819029
2.8600000000000003 -0.8085936250214458
2.87 -0.821263243916468
2.88 -0.8339770848669708
2.8899999999999997 -0.8467351478729528
2.9000000000000004 -0.8595374329344168
2.91 -0.8723839400513596
2.92 -0.8852746692237821
2.9299999999999997 -0.8982096204516843
2.9400000000000004 -0.9111887937350689
2.95 -0.924212189073931
2.96 -0.9372798064682741
2.9699999999999998 -0.950391645918097
2.9800000000000004 -0.9635477074234
2.99 -0.9767479909841832
3.0 -0.9899924966004452
