-3.0 2.0
-2.99 1.9800333333333338
-2.98 1.9601333333333333
-2.97 1.9403000000000004
-2.96 1.9205333333333332
-2.95 1.9008333333333336
-2.94 1.8812
-2.93 1.8616333333333337
-2.92 1.8421333333333332
-2.91 1.8227000000000002
-2.9 1.8033333333333332
-2.89 1.7840333333333336
-2.88 1.7647999999999997
-2.87 1.7456333333333336
-2.86 1.726533333333333
-2.85 1.7075000000000002
-2.84 1.688533333333333
-2.83 1.6696333333333335
-2.82 1.6507999999999998
-2.81 1.6320333333333334
-2.8 1.613333333333333
-2.79 1.5947
-2.78 1.576133333333333
-2.77 1.5576333333333334
-2.76 1.5391999999999997
-2.75 1.5208333333333333
-2.74 1.5025333333333337
-2.73 1.4843
-2.7199999999999998 1.4661333333333328
-2.71 1.4480333333333333
-2.7 1.4300000000000004
-2.69 1.4120333333333333
-2.68 1.3941333333333337
-2.67 1.3762999999999999
-2.66 1.3585333333333336
-2.65 1.340833333333333
-2.64 1.3232000000000002
-2.63 1.3056333333333332
-2.62 1.2881333333333336
-2.61 1.2706999999999997
-2.6 1.2533333333333334
-2.59 1.236033333333333
-2.58 1.2188
-2.57 1.201633333333333
-2.56 1.1845333333333334
-2.55 1.1674999999999998
-2.54 1.1505333333333334
-2.53 1.133633333333333
-2.52 1.1168
-2.51 1.100033333333333
-2.5 1.0833333333333335
-2.49 1.0667000000000004
-2.48 1.0501333333333334
-2.4699999999999998 1.033633333333333
-2.46 1.0171999999999999
-2.45 1.0008333333333337
-2.44 0.9845333333333333
-2.4299999999999997 0.9682999999999995
-2.42 0.9521333333333333
-2.41 0.9360333333333336
-2.4 0.9199999999999999
-2.39 0.9040333333333336
-2.38 0.8881333333333332
-2.37 0.8723000000000002
-2.36 0.8565333333333331
-2.35 0.8408333333333335
-2.34 0.8251999999999998
-2.33 0.8096333333333334
-2.32 0.7941333333333331
-2.31 0.7787000000000001
-2.3 0.7633333333333331
-2.29 0.7480333333333334
-2.2800000000000002 0.7328000000000005
-2.27 0.7176333333333333
-2.26 0.702533333333333
-2.25 0.6875
-2.24 0.6725333333333336
-2.23 0.6576333333333334
-2.2199999999999998 0.6427999999999997
-2.21 0.6280333333333333
-2.2 0.6133333333333336
-2.19 0.5986999999999999
-2.1799999999999997 0.584133333333333
-2.17 0.5696333333333333
-2.16 0.5552000000000002
-2.15 0.5408333333333333
-2.14 0.5265333333333335
-2.13 0.5122999999999999
-2.12 0.49813333333333354
-2.11 0.4840333333333332
-2.1 0.4700000000000002
-2.09 0.4560333333333332
-2.08 0.4421333333333334
-2.07 0.4282999999999998
-2.06 0.4145333333333334
-2.05 0.40083333333333315
-2.04 0.3872000000000001
-2.0300000000000002 0.3736333333333337
-2.02 0.3601333333333333
-2.01 0.3466999999999997
-2.0 0.33333333333333337
-1.99 0.3200333333333333
-1.98 0.3068000000000001
-1.97 0.2936333333333333
-1.96 0.2805333333333333
-1.95 0.26749999999999996
-1.94 0.2545333333333333
-1.93 0.24163333333333326
-1.92 0.2288
-1.91 0.2160333333333333
-1.9 0.20333333333333325
-1.89 0.19069999999999998
-1.88 0.17813333333333325
-1.8699999999999999 0.1656333333333332
-1.8599999999999999 0.1531999999999999
-1.8499999999999999 0.14083333333333325
-1.84 0.1285333333333335
-1.83 0.11630000000000007
-1.82 0.10413333333333341
-1.81 0.09203333333333341
-1.8 0.08000000000000007
-1.79 0.06803333333333339
-1.78 0.05613333333333348
-1.77 0.044300000000000006
-1.76 0.0325333333333333
-1.75 0.02083333333333337
-1.74 0.009199999999999986
-1.73 -0.002366666666666739
-1.72 -0.013866666666666583
-1.71 -0.02529999999999999
-1.7 -0.036666666666666736
-1.69 -0.04796666666666671
-1.68 -0.05920000000000003
-1.67 -0.0703666666666668
-1.66 -0.08146666666666669
-1.65 -0.09250000000000003
-1.64 -0.10346666666666682
-1.63 -0.11436666666666673
-1.6199999999999999 -0.1252000000000001
-1.6099999999999999 -0.1359666666666668
-1.5999999999999999 -0.14666666666666672
-1.59 -0.15729999999999988
-1.58 -0.1678666666666665
-1.57 -0.17836666666666656
-1.56 -0.18879999999999997
-1.55 -0.1991666666666666
-1.54 -0.20946666666666658
-1.53 -0.2197
-1.52 -0.22986666666666655
-1.51 -0.23996666666666666
-1.5 -0.25
-1.49 -0.25996666666666657
-1.48 -0.2698666666666666
-1.47 -0.27970000000000006
-1.46 -0.28946666666666665
-1.45 -0.2991666666666666
-1.44 -0.3088000000000001
-1.43 -0.3183666666666667
-1.42 -0.32786666666666664
-1.41 -0.33730000000000004
-1.4 -0.3466666666666667
-1.39 -0.35596666666666665
-1.38 -0.3652000000000001
-1.3699999999999999 -0.37436666666666674
-1.3599999999999999 -0.38346666666666673
-1.3499999999999999 -0.39250000000000007
-1.3399999999999999 -0.40146666666666675
-1.33 -0.41036666666666666
-1.32 -0.4191999999999999
-1.31 -0.4279666666666665
-1.3 -0.43666666666666665
-1.29 -0.4452999999999999
-1.28 -0.45386666666666653
-1.27 -0.4623666666666667
-1.26 -0.4708
-1.25 -0.4791666666666665
-1.24 -0.4874666666666667
-1.23 -0.4956999999999999
-1.22 -0.5038666666666666
-1.21 -0.5119666666666667
-1.2 -0.52
-1.19 -0.5279666666666666
-1.18 -0.5358666666666667
-1.17 -0.5437
-1.16 -0.5514666666666667
-1.15 -0.5591666666666667
-1.14 -0.5668000000000001
-1.13 -0.5743666666666667
-1.1199999999999999 -0.5818666666666668
-1.1099999999999999 -0.5893
-1.0999999999999999 -0.5966666666666667
-1.0899999999999999 -0.6039666666666668
-1.08 -0.6111999999999999
-1.07 -0.6183666666666666
-1.06 -0.6254666666666666
-1.05 -0.6324999999999998
-1.04 -0.6394666666666666
-1.03 -0.6463666666666666
-1.02 -0.6531999999999999
-1.01 -0.6599666666666667
-1.0 -0.6666666666666666
-0.9899999999999998 -0.6733000000000001
-0.98 -0.6798666666666667
-0.9699999999999998 -0.6863666666666668
-0.96 -0.6928
-0.9500000000000002 -0.6991666666666665
-0.94 -0.7054666666666667
-0.9300000000000002 -0.7116999999999999
-0.9199999999999999 -0.7178666666666668
-0.9100000000000001 -0.7239666666666665
-0.8999999999999999 -0.73
-0.8900000000000001 -0.7359666666666665
-0.8799999999999999 -0.7418666666666667
-0.8700000000000001 -0.7476999999999999
-0.8599999999999999 -0.7534666666666667
-0.8500000000000001 -0.7591666666666665
-0.8399999999999999 -0.7648
-0.8300000000000001 -0.7703666666666666
-0.8199999999999998 -0.7758666666666667
-0.81 -0.7813
-0.7999999999999998 -0.7866666666666667
-0.79 -0.7919666666666666
-0.7799999999999998 -0.7972
-0.77 -0.8023666666666667
-0.7599999999999998 -0.8074666666666668
-0.75 -0.8125
-0.7399999999999998 -0.8174666666666668
-0.73 -0.8223666666666666
-0.7199999999999998 -0.8272
-0.71 -0.8319666666666666
-0.6999999999999997 -0.8366666666666668
-0.69 -0.8413
-0.6800000000000002 -0.8458666666666665
-0.6699999999999999 -0.8503666666666666
-0.6600000000000001 -0.8547999999999999
-0.6499999999999999 -0.8591666666666666
-0.6400000000000001 -0.8634666666666666
-0.6299999999999999 -0.8677
-0.6200000000000001 -0.8718666666666666
-0.6099999999999999 -0.8759666666666667
-0.6000000000000001 -0.8799999999999999
-0.5899999999999999 -0.8839666666666667
-0.5800000000000001 -0.8878666666666666
-0.5699999999999998 -0.8917
-0.56 -0.8954666666666666
-0.5499999999999998 -0.8991666666666667
-0.54 -0.9028
-0.5299999999999998 -0.9063666666666668
-0.52 -0.9098666666666666
-0.5099999999999998 -0.9133
-0.5 -0.9166666666666666
-0.48999999999999977 -0.9199666666666667
-0.48 -0.9232
-0.46999999999999975 -0.9263666666666668
-0.45999999999999996 -0.9294666666666667
-0.44999999999999973 -0.9325000000000001
-0.43999999999999995 -0.9354666666666667
-0.43000000000000016 -0.9383666666666666
-0.41999999999999993 -0.9412
-0.41000000000000014 -0.9439666666666666
-0.3999999999999999 -0.9466666666666668
-0.3900000000000001 -0.9492999999999999
-0.3799999999999999 -0.9518666666666666
-0.3700000000000001 -0.9543666666666666
-0.3599999999999999 -0.9568000000000001
-0.3500000000000001 -0.9591666666666667
-0.33999999999999986 -0.9614666666666667
-0.33000000000000007 -0.9637
-0.31999999999999984 -0.9658666666666667
-0.31000000000000005 -0.9679666666666666
-0.2999999999999998 -0.97
-0.29000000000000004 -0.9719666666666666
-0.2799999999999998 -0.9738666666666667
-0.27 -0.9757
-0.2599999999999998 -0.9774666666666667
-0.25 -0.9791666666666666
-0.23999999999999977 -0.9808
-0.22999999999999998 -0.9823666666666666
-0.21999999999999975 -0.9838666666666667
-0.20999999999999996 -0.9853
-0.19999999999999973 -0.9866666666666667
-0.18999999999999995 -0.9879666666666667
-0.18000000000000016 -0.9892
-0.16999999999999993 -0.9903666666666666
-0.16000000000000014 -0.9914666666666666
-0.1499999999999999 -0.9924999999999999
-0.14000000000000012 -0.9934666666666666
-0.1299999999999999 -0.9943666666666666
-0.1200000000000001 -0.9952
-0.10999999999999988 -0.9959666666666667
-0.10000000000000009 -0.9966666666666667
-0.08999999999999986 -0.9973
-0.08000000000000007 -0.9978666666666667
-0.06999999999999984 -0.9983666666666666
-0.06000000000000005 -0.9988
-0.04999999999999982 -0.9991666666666666
-0.040000000000000036 -0.9994666666666666
-0.029999999999999805 -0.9997
-0.020000000000000018 -0.9998666666666667
-0.009999999999999787 -0.9999666666666667
0.0 -1.0
0.010000000000000231 -0.9999666666666667
0.020000000000000018 -0.9998666666666667
0.03000000000000025 -0.9997
0.040000000000000036 -0.9994666666666667
0.050000000000000266 -0.9991666666666666
0.06000000000000005 -0.9988
0.07000000000000028 -0.9983666666666666
0.08000000000000007 -0.9978666666666667
0.08999999999999986 -0.9973000000000001
0.10000000000000009 -0.9966666666666667
0.10999999999999988 -0.9959666666666667
0.1200000000000001 -0.9952
0.1299999999999999 -0.9943666666666666
0.14000000000000012 -0.9934666666666667
0.1499999999999999 -0.9925
0.16000000000000014 -0.9914666666666667
0.16999999999999993 -0.9903666666666666
0.18000000000000016 -0.9892
0.18999999999999995 -0.9879666666666667
0.20000000000000018 -0.9866666666666667
0.20999999999999996 -0.9853000000000001
0.2200000000000002 -0.9838666666666667
0.22999999999999998 -0.9823666666666666
0.2400000000000002 -0.9807999999999999
0.25 -0.9791666666666667
0.26000000000000023 -0.9774666666666667
0.27 -0.9757
0.28000000000000025 -0.9738666666666667
0.29000000000000004 -0.9719666666666666
0.30000000000000027 -0.97
0.31000000000000005 -0.9679666666666666
0.3200000000000003 -0.9658666666666667
0.33000000000000007 -0.9637
0.33999999999999986 -0.9614666666666667
0.3500000000000001 -0.9591666666666667
0.3599999999999999 -0.9568000000000001
0.3700000000000001 -0.9543666666666666
0.3799999999999999 -0.9518666666666667
0.3900000000000001 -0.9493
0.3999999999999999 -0.9466666666666668
0.41000000000000014 -0.9439666666666666
0.41999999999999993 -0.9412
0.43000000000000016 -0.9383666666666666
0.43999999999999995 -0.9354666666666668
0.4500000000000002 -0.9325
0.45999999999999996 -0.9294666666666667
0.4700000000000002 -0.9263666666666666
0.48 -0.9232
0.4900000000000002 -0.9199666666666666
0.5 -0.9166666666666667
0.5100000000000002 -0.9133
0.52 -0.9098666666666667
0.5300000000000002 -0.9063666666666665
0.54 -0.9028
0.5500000000000003 -0.8991666666666666
0.56 -0.8954666666666667
0.5700000000000003 -0.8916999999999999
0.5800000000000001 -0.8878666666666667
0.5899999999999999 -0.8839666666666668
0.6000000000000001 -0.88
0.6099999999999999 -0.8759666666666668
0.6200000000000001 -0.8718666666666667
0.6299999999999999 -0.8677
0.6400000000000001 -0.8634666666666666
0.6499999999999999 -0.8591666666666667
0.6600000000000001 -0.8548
0.6699999999999999 -0.8503666666666668
0.6800000000000002 -0.8458666666666667
0.69 -0.8413
0.7000000000000002 -0.8366666666666666
0.71 -0.8319666666666667
0.7200000000000002 -0.8271999999999999
0.73 -0.8223666666666668
0.7400000000000002 -0.8174666666666667
0.75 -0.8125
0.7600000000000002 -0.8074666666666666
0.77 -0.8023666666666667
0.7800000000000002 -0.7971999999999999
0.79 -0.7919666666666668
0.8000000000000003 -0.7866666666666666
0.81 -0.7812999999999999
0.8200000000000003 -0.7758666666666665
0.8300000000000001 -0.7703666666666666
0.8399999999999999 -0.7648000000000001
0.8500000000000001 -0.7591666666666668
0.8599999999999999 -0.7534666666666667
0.8700000000000001 -0.7477
0.8799999999999999 -0.7418666666666669
0.8900000000000001 -0.7359666666666667
0.8999999999999999 -0.7300000000000002
0.9100000000000001 -0.7239666666666666
0.9199999999999999 -0.7178666666666667
0.9300000000000002 -0.7117
0.94 -0.7054666666666667
0.9500000000000002 -0.6991666666666667
0.96 -0.6928000000000001
0.9700000000000002 -0.6863666666666668
0.98 -0.6798666666666666
0.9900000000000002 -0.6732999999999998
1.0 -0.6666666666666667
1.0099999999999998 -0.659966666666667
1.0200000000000005 -0.6531999999999998
1.0300000000000002 -0.6463666666666668
1.04 -0.6394666666666666
1.0499999999999998 -0.6325000000000003
1.0600000000000005 -0.6254666666666664
1.0700000000000003 -0.6183666666666665
1.08 -0.6112000000000002
1.0899999999999999 -0.6039666666666668
1.0999999999999996 -0.5966666666666669
1.1100000000000003 -0.5892999999999997
1.12 -0.5818666666666668
1.13 -0.5743666666666669
1.1399999999999997 -0.5668000000000002
1.1500000000000004 -0.5591666666666666
1.1600000000000001 -0.5514666666666665
1.17 -0.5437000000000001
1.1799999999999997 -0.5358666666666672
1.1900000000000004 -0.5279666666666665
1.2000000000000002 -0.52
1.21 -0.5119666666666667
1.2199999999999998 -0.5038666666666669
1.2300000000000004 -0.4956999999999996
1.2400000000000002 -0.4874666666666665
1.25 -0.47916666666666696
1.2599999999999998 -0.4708000000000001
1.2700000000000005 -0.46236666666666637
1.2800000000000002 -0.4538666666666664
1.29 -0.44530000000000003
1.2999999999999998 -0.436666666666667
1.3100000000000005 -0.4279666666666664
1.3200000000000003 -0.4192
1.33 -0.41036666666666655
1.3399999999999999 -0.40146666666666686
1.3500000000000005 -0.3924999999999996
1.3600000000000003 -0.3834666666666664
1.37 -0.37436666666666674
1.38 -0.3652000000000002
1.3899999999999997 -0.3559666666666672
1.4000000000000004 -0.34666666666666623
1.4100000000000001 -0.33729999999999993
1.42 -0.327866666666667
1.4299999999999997 -0.3183666666666669
1.4400000000000004 -0.30879999999999974
1.4500000000000002 -0.29916666666666636
1.46 -0.28946666666666676
1.4699999999999998 -0.2797000000000005
1.4800000000000004 -0.26986666666666626
1.4900000000000002 -0.2599666666666667
1.5 -0.25
1.5099999999999998 -0.2399666666666671
1.5200000000000005 -0.22986666666666622
1.5300000000000002 -0.2197
1.54 -0.2094666666666667
1.5499999999999998 -0.19916666666666671
1.5600000000000005 -0.18879999999999963
1.5700000000000003 -0.17836666666666634
1.58 -0.16786666666666683
1.5899999999999999 -0.15730000000000022
1.6000000000000005 -0.14666666666666606
1.6100000000000003 -0.13596666666666657
1.62 -0.12519999999999998
1.63 -0.11436666666666673
1.6399999999999997 -0.10346666666666726
1.6500000000000004 -0.0924999999999998
1.6600000000000001 -0.08146666666666658
1.67 -0.07036666666666669
1.6799999999999997 -0.059200000000000585
1.6900000000000004 -0.04796666666666605
1.7000000000000002 -0.036666666666666625
1.71 -0.0253000000000001
1.7199999999999998 -0.013866666666666916
1.7300000000000004 -0.002366666666666628
1.7400000000000002 0.009200000000000319
1.75 0.020833333333333037
1.7599999999999998 0.03253333333333286
1.7700000000000005 0.04430000000000023
1.7800000000000002 0.05613333333333337
1.79 0.06803333333333317
1.7999999999999998 0.07999999999999963
1.8100000000000005 0.09203333333333408
1.8200000000000003 0.10413333333333341
1.83 0.11629999999999985
1.8399999999999999 0.12853333333333294
1.8500000000000005 0.1408333333333336
1.8600000000000003 0.15320000000000045
1.87 0.16563333333333352
1.88 0.1781333333333328
1.8899999999999997 0.19069999999999965
1.9000000000000004 0.2033333333333336
1.9100000000000001 0.2160333333333333
1.92 0.22879999999999967
1.9299999999999997 0.2416333333333327
1.9400000000000004 0.2545333333333337
1.9500000000000002 0.26750000000000007
1.96 0.2805333333333331
1.9699999999999998 0.29363333333333275
1.9800000000000004 0.3068000000000004
1.9900000000000002 0.3200333333333334
2.0 0.33333333333333304
2.01 0.3466999999999998
2.0200000000000005 0.36013333333333364
2.0300000000000002 0.3736333333333337
2.04 0.3872
2.05 0.40083333333333293
2.0600000000000005 0.41453333333333386
2.0700000000000003 0.4283000000000001
2.08 0.4421333333333335
2.09 0.45603333333333307
2.1000000000000005 0.47000000000000064
2.1100000000000003 0.48403333333333354
2.12 0.4981333333333331
2.13 0.5122999999999998
2.1399999999999997 0.5265333333333326
2.1500000000000004 0.5408333333333339
2.16 0.5552000000000001
2.17 0.569633333333333
2.1799999999999997 0.584133333333333
2.1900000000000004 0.5987000000000005
2.2 0.6133333333333337
2.21 0.6280333333333332
2.2199999999999998 0.6427999999999994
2.2300000000000004 0.657633333333334
2.24 0.6725333333333334
2.25 0.6875
2.26 0.7025333333333328
2.2700000000000005 0.717633333333334
2.2800000000000002 0.7328000000000001
2.29 0.7480333333333329
2.3 0.7633333333333328
2.3100000000000005 0.7787000000000006
2.3200000000000003 0.7941333333333338
2.33 0.8096333333333332
2.34 0.8251999999999997
2.3500000000000005 0.8408333333333342
2.3600000000000003 0.8565333333333331
2.37 0.8723000000000001
2.38 0.8881333333333332
2.3899999999999997 0.9040333333333326
2.4000000000000004 0.9200000000000008
2.41 0.9360333333333335
2.42 0.9521333333333333
2.4299999999999997 0.9682999999999993
2.4400000000000004 0.9845333333333341
2.45 1.0008333333333335
2.46 1.0171999999999999
2.4699999999999998 1.0336333333333325
2.4800000000000004 1.050133333333334
2.49 1.0667
2.5 1.083333333333333
2.51 1.1000333333333323
2.5200000000000005 1.1168000000000005
2.5300000000000002 1.133633333333333
2.54 1.1505333333333336
2.55 1.1674999999999995
2.5600000000000005 1.1845333333333343
2.5700000000000003 1.2016333333333336
2.58 1.2187999999999999
2.59 1.2360333333333333
2.6000000000000005 1.2533333333333339
2.6100000000000003 1.2707000000000006
2.62 1.2881333333333336
2.63 1.3056333333333328
2.6399999999999997 1.323199999999999
2.6500000000000004 1.3408333333333333
2.66 1.3585333333333338
2.67 1.3762999999999996
2.6799999999999997 1.3941333333333326
2.6900000000000004 1.4120333333333335
2.7 1.4299999999999997
2.71 1.448033333333333
2.7199999999999998 1.4661333333333326
2.7300000000000004 1.484300000000001
2.74 1.502533333333334
2.75 1.520833333333333
2.76 1.5391999999999992
2.7700000000000005 1.5576333333333334
2.7800000000000002 1.5761333333333338
2.79 1.5946999999999996
2.8 1.6133333333333324
2.8100000000000005 1.6320333333333341
2.8200000000000003 1.6508000000000003
2.83 1.6696333333333335
2.84 1.688533333333333
2.8500000000000005 1.7075000000000014
2.8600000000000003 1.7265333333333341
2.87 1.7456333333333331
2.88 1.7648000000000001
2.8899999999999997 1.7840333333333325
2.9000000000000004 1.8033333333333337
2.91 1.8227000000000002
2.92 1.842133333333333
2.9299999999999997 1.8616333333333328
2.9400000000000004 1.8812000000000006
2.95 1.9008333333333338
2.96 1.9205333333333332
2.9699999999999998 1.9402999999999988
2.9800000000000004 1.9601333333333342
2.99 1.980033333333333
3.0 2.0
