-3.0 -0.9899924966004454
-2.99 -0.9885318208397561
-2.98 -0.9869722927185155
-2.97 -0.9853140681885043
-2.96 -0.9835573130710368
-2.95 -0.9817022030403804
-2.94 -0.9797489236061903
-2.93 -0.9776976700949616
-2.92 -0.9755486476304961
-2.91 -0.9733020711133937
-2.9 -0.9709581651995621
-2.89 -0.9685171642777551
-2.88 -0.9659793124461328
-2.87 -0.9633448634878539
-2.86 -0.9606140808456989
-2.85 -0.9577872375957269
-2.84 -0.9548646164199681
-2.83 -0.9518465095781594
-2.82 -0.9487332188785157
-2.81 -0.945525055647553
-2.8 -0.9422223406989547
-2.79 -0.938825404301493
-2.78 -0.9353345861460005
-2.77 -0.9317502353114046
-2.76 -0.928072710229818
-2.75 -0.9243023786506971
-2.74 -0.9204396176040682
-2.73 -0.9164848133628247
-2.7199999999999998 -0.9124383614041
-2.71 -0.9083006663697213
-2.7 -0.904072142025746
-2.69 -0.8997532112210842
-2.68 -0.8953443058452166
-2.67 -0.8908458667850043
-2.66 -0.8862583438806015
-2.65 -0.8815821958804717
-2.64 -0.8768178903955146
-2.63 -0.8719659038523022
-2.62 -0.8670267214454411
-2.61 -0.8620008370890502
-2.6 -0.8568887533673718
-2.59 -0.8516909814845111
-2.58 -0.8464080412133204
-2.57 -0.8410404608434172
-2.56 -0.8355887771283611
-2.55 -0.830053535231974
-2.54 -0.8244352886738279
-2.53 -0.8187345992738905
-2.52 -0.8129520370963478
-2.51 -0.8070881803925926
-2.5 -0.8011436155434049
-2.49 -0.7951189370003112
-2.48 -0.7890147472261402
-2.4699999999999998 -0.7828316566347802
-2.46 -0.7765702835301331
-2.45 -0.7702312540442889
-2.44 -0.7638152020749099
-2.4299999999999997 -0.7573227692218434
-2.42 -0.7507546047229628
-2.41 -0.7441113653892414
-2.4 -0.7373937155390742
-2.39 -0.7306023269318472
-2.38 -0.7237378787007586
-2.37 -0.7168010572849111
-2.36 -0.7097925563606633
-2.35 -0.7027130767722664
-2.34 -0.6955633264617785
-2.33 -0.6883440203982724
-2.32 -0.6810558805063365
-2.31 -0.6736996355938873
-2.3 -0.6662760212792848
-2.29 -0.658785779917774
-2.2800000000000002 -0.6512296605272488
-2.27 -0.6436084187133515
-2.26 -0.6359228165939123
-2.25 -0.6281736227227391
-2.24 -0.6203616120127613
-2.23 -0.6124875656585396
-2.2199999999999998 -0.6045522710581481
-2.21 -0.5965565217344351
-2.2 -0.5885011172556697
-2.19 -0.580386863155587
-2.1799999999999997 -0.5722145708528358
-2.17 -0.5639850575698369
-2.16 -0.5556991462510608
-2.15 -0.5473576654807346
-2.14 -0.5389614493999851
-2.13 -0.5305113376234232
-2.12 -0.5220081751551864
-2.11 -0.5134528123044353
-2.1 -0.5048461046003256
-2.09 -0.4961889127064562
-2.08 -0.48748210233480305
-2.07 -0.4787265441591474
-2.06 -0.4699231137280114
-2.05 -0.46107269137710166
-2.04 -0.45217616214127915
-2.0300000000000002 -0.4432344156660535
-2.02 -0.4342483461186207
-2.01 -0.4252188520984479
-2.0 -0.4161468365474131
-1.99 -0.4070332066595113
-1.98 -0.3978788737901366
-1.97 -0.3886847533649479
-1.96 -0.3794517647883262
-1.95 -0.3701808313514348
-1.94 -0.36087288013989194
-1.93 -0.3515288419410626
-1.92 -0.3421496511509797
-1.91 -0.33273624568090654
-1.9 -0.3232895668635458
-1.89 -0.31381055935890667
-1.88 -0.30430017105984114
-1.8699999999999999 -0.29475935299725325
-1.8599999999999999 -0.28518905924499904
-1.8499999999999999 -0.27559024682447847
-1.84 -0.2659638756089343
-1.83 -0.25631090822746655
-1.82 -0.24663230996876873
-1.81 -0.23692904868460166
-1.8 -0.22720209469300734
-1.79 -0.21745242068127937
-1.78 -0.2076810016086943
-1.77 -0.19788881460901603
-1.76 -0.1880768388927849
-1.75 -0.17824605564939539
-1.74 -0.16839744794897976
-1.73 -0.1585320006441008
-1.72 -0.14865070027126773
-1.71 -0.13875453495228332
-1.7 -0.12884449429543277
-1.69 -0.11892156929652326
-1.68 -0.10898675223978559
-1.67 -0.0990410365986464
-1.66 -0.08908541693638135
-1.65 -0.07912088880666074
-1.64 -0.06914844865399365
-1.63 -0.05916909371408483
-1.6199999999999999 -0.049183821914112184
-1.6099999999999999 -0.03919363177293444
-1.5999999999999999 -0.029199522301240895
-1.59 -0.019202492901650266
-1.58 -0.009203543268771291
-1.57 0.0007963267107651192
-1.56 0.010796117058294337
-1.55 0.02079482780311429
-1.54 0.03079145908248333
-1.53 0.04078501124160351
-1.52 0.05077448493358741
-1.51 0.06075888121938993
-1.5 0.07073720166770293
-1.49 0.08070844845479695
-1.48 0.09067162446430262
-1.47 0.10062573338692168
-1.46 0.11056977982005653
-1.45 0.12050276936735106
-1.44 0.13042370873812772
-1.43 0.14033160584671697
-1.42 0.1502254699116644
-1.41 0.1601043115548083
-1.4 0.16996714290021675
-1.39 0.1798129776729744
-1.38 0.18964083129780876
-1.3699999999999999 0.19944972099754701
-1.3599999999999999 0.20923866589139306
-1.3499999999999999 0.21900668709301516
-1.3399999999999999 0.2287528078084335
-1.33 0.2384760534336974
-1.32 0.2481754516523477
-1.31 0.2578500325326451
-1.3 0.2674988286245637
-1.29 0.27712087505653504
-1.28 0.2867152096319339
-1.27 0.2962808729252983
-1.26 0.30581690837827014
-1.25 0.31532236239525097
-1.24 0.32479628443875996
-1.23 0.33423772712448785
-1.22 0.3436457463160337
-1.21 0.3530194012193185
-1.2 0.36235775447666324
-1.19 0.37165987226052427
-1.18 0.3809248243668745
-1.17 0.3901516843082242
-1.16 0.39933952940626877
-1.15 0.4084874408841545
-1.14 0.41759450395835646
-1.13 0.4266598079301567
-1.1199999999999999 0.4356824462767129
-1.1099999999999999 0.44466151674170884
-1.0999999999999999 0.4535961214255803
-1.0899999999999999 0.4624853668753048
-1.08 0.47132836417374435
-1.07 0.48012422902853935
-1.06 0.4888720818605339
-1.05 0.4975710478917338
-1.04 0.5062202572327857
-1.03 0.514818844969963
-1.02 0.5233659512516581
-1.01 0.531860721374364
-1.0 0.5403023058681483
-0.9899999999999998 0.5486898605815965
-0.98 0.557022546766226
-0.9699999999999998 0.5652995311603634
-0.96 0.5735199860724656
-0.9500000000000002 0.5816830894638922
-0.94 0.5897880250311067
-0.9300000000000002 0.5978339822873066
-0.9199999999999999 0.6058201566434709
-0.9100000000000001 0.6137457494888192
-0.8999999999999999 0.6216099682706718
-0.8900000000000001 0.6294120265737038
-0.8799999999999999 0.637151144198587
-0.8700000000000001 0.6448265472400069
-0.8599999999999999 0.6524374681640573
-0.8500000000000001 0.6599831458849873
-0.8399999999999999 0.6674628258413127
-0.8300000000000001 0.6748757600712709
-0.8199999999999998 0.6822212072876174
-0.81 0.68949843295175
-0.7999999999999998 0.696706709347168
-0.79 0.703845315652238
-0.7799999999999998 0.7109135380122793
-0.77 0.7179106696109442
-0.7599999999999998 0.7248360107409055
-0.75 0.7316888688738208
-0.7399999999999998 0.7384685587295878
-0.73 0.7451744023448696
-0.7199999999999998 0.7518057291408939
-0.71 0.7583618759905068
-0.6999999999999997 0.7648421872844866
-0.69 0.7712460149971044
-0.6800000000000002 0.7775727187509253
-0.6699999999999999 0.7838216658808467
-0.6600000000000001 0.7899922314973624
-0.6499999999999999 0.7960837985490529
-0.6400000000000001 0.8020957578842898
-0.6299999999999999 0.8080275083121486
-0.6200000000000001 0.8138784566625302
-0.6099999999999999 0.8196480178454763
-0.6000000000000001 0.8253356149096744
-0.5899999999999999 0.8309406791001602
-0.5800000000000001 0.8364626499151837
-0.5699999999999998 0.841900975162265
-0.56 0.8472551110134132
-0.5499999999999998 0.852524522059503
-0.54 0.8577086813638212
-0.5299999999999998 0.8628070705147585
-0.52 0.8678191796776469
-0.5099999999999998 0.872744507645749
-0.5 0.8775825618903701
-0.48999999999999977 0.8823328586101198
-0.48 0.8869949227792826
-0.46999999999999975 0.8915682881953271
-0.45999999999999996 0.896052497525524
-0.44999999999999973 0.9004471023526761
-0.43999999999999995 0.9047516632199617
-0.43000000000000016 0.9089657496748845
-0.41999999999999993 0.9130889403123076
-0.41000000000000014 0.9171208228166047
-0.3999999999999999 0.9210609940028853
-0.3900000000000001 0.9249090598573129
-0.3799999999999999 0.9286646355765102
-0.3700000000000001 0.9323273456060345
-0.3599999999999999 0.9358968236779349
-0.3500000000000001 0.9393727128473792
-0.33999999999999986 0.9427546655283469
-0.33000000000000007 0.9460423435283873
-0.31999999999999984 0.9492354180824412
-0.31000000000000005 0.952333569885714
-0.2999999999999998 0.9553364891256072
-0.29000000000000004 0.9582438755126977
-0.2799999999999998 0.961055438310772
-0.27 0.9637708963658923
-0.2599999999999998 0.9663899781345139
-0.25 0.9689124217106461
-0.23999999999999977 0.9713379748520307
-0.22999999999999998 0.9736663950053758
-0.21999999999999975 0.9758974493306073
-0.20999999999999996 0.9780309147241497
-0.19999999999999973 0.9800665778412425
-0.18999999999999995 0.9820042351172708
-0.18000000000000016 0.9838436927881221
-0.16999999999999993 0.9855847669095622
-0.16000000000000014 0.9872272833756275
-0.1499999999999999 0.9887710779360432
-0.14000000000000012 0.9902159962126372
-0.1299999999999999 0.9915618937147882
-0.1200000000000001 0.9928086358538675
-0.10999999999999988 0.9939560979566967
-0.10000000000000009 0.995004165278026
-0.08999999999999986 0.9959527330119946
-0.08000000000000007 0.9968017063026196
-0.06999999999999984 0.9975510002532796
-0.06000000000000005 0.998200539935204
-0.04999999999999982 0.9987502603949665
-0.040000000000000036 0.9992001066609781
-0.029999999999999805 0.9995500337489877
-0.020000000000000018 0.9998000066665776
-0.009999999999999787 0.9999500004166652
0.0 1.0000000000000004
0.010000000000000231 0.9999500004166655
0.020000000000000018 0.9998000066665779
0.03000000000000025 0.9995500337489875
0.040000000000000036 0.9992001066609775
0.050000000000000266 0.9987502603949665
0.06000000000000005 0.9982005399352049
0.07000000000000028 0.9975510002532789
0.08000000000000007 0.9968017063026199
0.08999999999999986 0.9959527330119945
0.10000000000000009 0.9950041652780258
0.10999999999999988 0.9939560979566976
0.1200000000000001 0.9928086358538665
0.1299999999999999 0.9915618937147884
0.14000000000000012 0.9902159962126381
0.1499999999999999 0.9887710779360424
0.16000000000000014 0.9872272833756282
0.16999999999999993 0.9855847669095613
0.18000000000000016 0.9838436927881222
0.18999999999999995 0.9820042351172718
0.20000000000000018 0.9800665778412422
0.20999999999999996 0.9780309147241498
0.2200000000000002 0.9758974493306057
0.22999999999999998 0.9736663950053756
0.2400000000000002 0.9713379748520312
0.25 0.9689124217106461
0.26000000000000023 0.9663899781345145
0.27 0.9637708963658913
0.28000000000000025 0.9610554383107717
0.29000000000000004 0.958243875512698
0.30000000000000027 0.9553364891256073
0.31000000000000005 0.952333569885714
0.3200000000000003 0.949235418082442
0.33000000000000007 0.9460423435283879
0.33999999999999986 0.9427546655283472
0.3500000000000001 0.9393727128473789
0.3599999999999999 0.9358968236779355
0.3700000000000001 0.9323273456060354
0.3799999999999999 0.9286646355765097
0.3900000000000001 0.9249090598573135
0.3999999999999999 0.921060994002884
0.41000000000000014 0.9171208228166045
0.41999999999999993 0.9130889403123079
0.43000000000000016 0.9089657496748837
0.43999999999999995 0.9047516632199631
0.4500000000000002 0.9004471023526759
0.45999999999999996 0.8960524975255231
0.4700000000000002 0.8915682881953265
0.48 0.886994922779282
0.4900000000000002 0.8823328586101193
0.5 0.8775825618903712
0.5100000000000002 0.8727445076457492
0.52 0.8678191796776471
0.5300000000000002 0.8628070705147569
0.54 0.8577086813638213
0.5500000000000003 0.8525245220595025
0.56 0.8472551110134133
0.5700000000000003 0.8419009751622645
0.5800000000000001 0.8364626499151825
0.5899999999999999 0.8309406791001598
0.6000000000000001 0.8253356149096758
0.6099999999999999 0.8196480178454761
0.6200000000000001 0.8138784566625309
0.6299999999999999 0.8080275083121493
0.6400000000000001 0.8020957578842882
0.6499999999999999 0.7960837985490532
0.6600000000000001 0.7899922314973615
0.6699999999999999 0.7838216658808466
0.6800000000000002 0.7775727187509247
0.69 0.7712460149971043
0.7000000000000002 0.7648421872844879
0.71 0.7583618759905055
0.7200000000000002 0.7518057291408936
0.73 0.74517440234487
0.7400000000000002 0.7384685587295875
0.75 0.7316888688738213
0.7600000000000002 0.7248360107409043
0.77 0.7179106696109441
0.7800000000000002 0.710913538012278
0.79 0.7038453156522372
0.8000000000000003 0.6967067093471685
0.81 0.6894984329517506
0.8200000000000003 0.6822212072876167
0.8300000000000001 0.6748757600712708
0.8399999999999999 0.6674628258413119
0.8500000000000001 0.6599831458849876
0.8599999999999999 0.6524374681640569
0.8700000000000001 0.6448265472400072
0.8799999999999999 0.6371511441985874
0.8900000000000001 0.6294120265737022
0.8999999999999999 0.6216099682706719
0.9100000000000001 0.6137457494888193
0.9199999999999999 0.6058201566434709
0.9300000000000002 0.597833982287308
0.94 0.5897880250311069
0.9500000000000002 0.5816830894638919
0.96 0.5735199860724658
0.9700000000000002 0.5652995311603627
0.98 0.5570225467662272
0.9900000000000002 0.5486898605815961
1.0 0.5403023058681475
1.0099999999999998 0.5318607213743646
1.0200000000000005 0.5233659512516564
1.0300000000000002 0.5148188449699632
1.04 0.5062202572327849
1.0499999999999998 0.49757104789173434
1.0600000000000005 0.488872081860534
1.0700000000000003 0.48012422902853796
1.08 0.47132836417374435
1.0899999999999999 0.4624853668753053
1.0999999999999996 0.45359612142558114
1.1100000000000003 0.44466151674170956
1.12 0.4356824462767124
1.13 0.42665980793015645
1.1399999999999997 0.4175945039583569
1.1500000000000004 0.4084874408841542
1.1600000000000001 0.39933952940626954
1.17 0.39015168430822406
1.1799999999999997 0.3809248243668735
1.1900000000000004 0.37165987226052344
1.2000000000000002 0.3623577544766614
1.21 0.35301940121931824
1.2199999999999998 0.3436457463160319
1.2300000000000004 0.33423772712448707
1.2400000000000002 0.32479628443876135
1.25 0.3153223623952508
1.2599999999999998 0.30581690837827064
1.2700000000000005 0.2962808729252978
1.2800000000000002 0.28671520963193337
1.29 0.27712087505653593
1.2999999999999998 0.2674988286245633
1.3100000000000005 0.2578500325326445
1.3200000000000003 0.24817545165234786
1.33 0.23847605343369782
1.3399999999999999 0.22875280780843466
1.3500000000000005 0.21900668709301546
1.3600000000000003 0.20923866589139323
1.37 0.19944972099754768
1.38 0.18964083129780784
1.3899999999999997 0.17981297767297502
1.4000000000000004 0.1699671429002163
1.4100000000000001 0.16010431155480898
1.42 0.15022546991166505
1.4299999999999997 0.14033160584671572
1.4400000000000004 0.13042370873812842
1.4500000000000002 0.12050276936735185
1.46 0.11056977982005699
1.4699999999999998 0.10062573338692124
1.4800000000000004 0.09067162446430013
1.4900000000000002 0.08070844845479541
1.5 0.0707372016677022
1.5099999999999998 0.060758881219389264
1.5200000000000005 0.05077448493358814
1.5300000000000002 0.04078501124160331
1.54 0.030791459082481314
1.5499999999999998 0.02079482780311627
1.5600000000000005 0.010796117058293073
1.5700000000000003 0.000796326710767117
1.58 -0.009203543268770436
1.5899999999999999 -0.019202492901650037
1.6000000000000005 -0.029199522301241242
1.6100000000000003 -0.03919363177293599
1.62 -0.04918382191411157
1.63 -0.05916909371408614
1.6399999999999997 -0.06914844865399382
1.6500000000000004 -0.07912088880666258
1.6600000000000001 -0.08908541693637982
1.67 -0.09904103659864627
1.6799999999999997 -0.1089867522397846
1.6900000000000004 -0.11892156929652335
1.7000000000000002 -0.12884449429543174
1.71 -0.13875453495228335
1.7199999999999998 -0.14865070027126756
1.7300000000000004 -0.15853200064410433
1.7400000000000002 -0.16839744794897898
1.75 -0.17824605564939697
1.7599999999999998 -0.18807683889278395
1.7700000000000005 -0.19788881460901742
1.7800000000000002 -0.2076810016086913
1.79 -0.2174524206812781
1.7999999999999998 -0.22720209469300726
1.8100000000000005 -0.23692904868459846
1.8200000000000003 -0.24663230996876856
1.83 -0.2563109082274686
1.8399999999999999 -0.2659638756089316
1.8500000000000005 -0.2755902468244805
1.8600000000000003 -0.2851890592450007
1.87 -0.2947593529972527
1.88 -0.3043001710598387
1.8899999999999997 -0.31381055935890434
1.9000000000000004 -0.3232895668635475
1.9100000000000001 -0.3327362456809096
1.92 -0.342149651150981
1.9299999999999997 -0.35152884194106265
1.9400000000000004 -0.36087288013988766
1.9500000000000002 -0.3701808313514343
1.96 -0.3794517647883268
1.9699999999999998 -0.388684753364947
1.9800000000000004 -0.3978788737901391
1.9900000000000002 -0.40703320665950776
2.0 -0.41614683654741425
2.01 -0.4252188520984449
2.0200000000000005 -0.4342483461186206
2.0300000000000002 -0.4432344156660517
2.04 -0.45217616214127476
2.05 -0.4610726913771025
2.0600000000000005 -0.4699231137280121
2.0700000000000003 -0.47872654415914534
2.08 -0.4874821023348049
2.09 -0.4961889127064556
2.1000000000000005 -0.5048461046003286
2.1100000000000003 -0.513452812304437
2.12 -0.5220081751551876
2.13 -0.5305113376234256
2.1399999999999997 -0.5389614493999839
2.1500000000000004 -0.5473576654807335
2.16 -0.5556991462510628
2.17 -0.5639850575698371
2.1799999999999997 -0.5722145708528371
2.1900000000000004 -0.580386863155587
2.2 -0.5885011172556699
2.21 -0.5965565217344379
2.2199999999999998 -0.6045522710581541
2.2300000000000004 -0.6124875656585382
2.24 -0.6203616120127653
2.25 -0.6281736227227371
2.26 -0.6359228165939147
2.2700000000000005 -0.6436084187133546
2.2800000000000002 -0.6512296605272486
2.29 -0.6587857799177703
2.3 -0.6662760212792826
2.3100000000000005 -0.6736996355938843
2.3200000000000003 -0.6810558805063367
2.33 -0.6883440203982695
2.34 -0.6955633264617784
2.3500000000000005 -0.7027130767722679
2.3600000000000003 -0.7097925563606636
2.37 -0.7168010572849131
2.38 -0.7237378787007641
2.3899999999999997 -0.7306023269318495
2.4000000000000004 -0.7373937155390763
2.41 -0.7441113653892413
2.42 -0.7507546047229636
2.4299999999999997 -0.757322769221839
2.4400000000000004 -0.7638152020749109
2.45 -0.7702312540442908
2.46 -0.7765702835301307
2.4699999999999998 -0.7828316566347802
2.4800000000000004 -0.7890147472261425
2.49 -0.795118937000309
2.5 -0.80114361554341
2.51 -0.8070881803925954
2.5200000000000005 -0.8129520370963489
2.5300000000000002 -0.8187345992738899
2.54 -0.8244352886738326
2.55 -0.8300535352319718
2.5600000000000005 -0.8355887771283623
2.5700000000000003 -0.8410404608434227
2.58 -0.8464080412133228
2.59 -0.8516909814845135
2.6000000000000005 -0.8568887533673728
2.6100000000000003 -0.8620008370890457
2.62 -0.8670267214454371
2.63 -0.8719659038523058
2.6399999999999997 -0.8768178903955183
2.6500000000000004 -0.8815821958804709
2.66 -0.8862583438805987
2.67 -0.8908458667849992
2.6799999999999997 -0.8953443058452176
2.6900000000000004 -0.8997532112210866
2.7 -0.9040721420257454
2.71 -0.9083006663697163
2.7199999999999998 -0.9124383614041041
2.7300000000000004 -0.9164848133628212
2.74 -0.9204396176040688
2.75 -0.9243023786506929
2.76 -0.9280727102298146
2.7700000000000005 -0.9317502353114043
2.7800000000000002 -0.9353345861460052
2.79 -0.9388254043014909
2.8 -0.9422223406989599
2.8100000000000005 -0.9455250556475534
2.8200000000000003 -0.9487332188785123
2.83 -0.9518465095781574
2.84 -0.9548646164199656
2.8500000000000005 -0.9577872375957356
2.8600000000000003 -0.9606140808456978
2.87 -0.963344863487855
2.88 -0.9659793124461395
2.8899999999999997 -0.9685171642777562
2.9000000000000004 -0.9709581651995685
2.91 -0.9733020711133928
2.92 -0.9755486476304949
2.9299999999999997 -0.9776976700949603
2.9400000000000004 -0.9797489236061951
2.95 -0.9817022030403859
2.96 -0.9835573130710324
2.9699999999999998 -0.9853140681884986
2.9800000000000004 -0.9869722927185166
2.99 -0.9885318208397528
3.0 -0.9899924966004465
