-3.0 -0.9899924966004454
-2.99 -0.9885581618128254
-2.98 -0.9870229318688404
-2.97 -0.9853870599281888
-2.96 -0.983650805665125
-2.95 -0.9818144353390038
-2.94 -0.9798782218621542
-2.93 -0.9778424448651118
-2.92 -0.9757073907592299
-2.91 -0.9734733527966961
-2.9 -0.9711406311279793
-2.89 -0.9687095328567289
-2.88 -0.9661803720921512
-2.87 -0.96355346999889
-2.86 -0.9608291548444288
-2.85 -0.9580077620440481
-2.84 -0.9550896342033504
-2.83 -0.9520751211583867
-2.82 -0.9489645800134011
-2.81 -0.9457583751762212
-2.8 -0.9424568783913153
-2.79 -0.9390604687705427
-2.78 -0.9355695328216157
-2.77 -0.9319844644743016
-2.76 -0.928305665104385
-2.75 -0.9245335435554141
-2.74 -0.9206685161582536
-2.73 -0.9167110067484683
-2.7199999999999998 -0.9126614466815582
-2.71 -0.9085202748460713
-2.7 -0.9042879376746107
-2.69 -0.8999648891527666
-2.68 -0.8955515908259892
-2.67 -0.8910485118044256
-2.66 -0.8864561287657495
-2.65 -0.8817749259559954
-2.64 -0.8770053951884296
-2.63 -0.8721480358404715
-2.62 -0.8672033548486957
-2.61 -0.862171866701928
-2.6 -0.8570540934324655
-2.59 -0.8518505646054338
-2.58 -0.8465618173063137
-2.57 -0.8411883961266469
-2.56 -0.8357308531479524
-2.55 -0.8301897479238691
-2.54 -0.8245656474605493
-2.53 -0.8188591261953186
-2.52 -0.8130707659736341
-2.51 -0.8072011560243482
-2.5 -0.801250892933313
-2.49 -0.7952205806153336
-2.48 -0.7891108302845004
-2.4699999999999998 -0.7829222604229165
-2.46 -0.7766554967478433
-2.45 -0.7703111721772805
-2.44 -0.7638899267940074
-2.4299999999999997 -0.7573924078081022
-2.42 -0.7508192695179585
-2.41 -0.7441711732698204
-2.4 -0.7374487874158602
-2.39 -0.7306527872708123
-2.38 -0.7237838550671867
-2.37 -0.7168426799090839
-2.36 -0.7098299577246248
-2.35 -0.7027463912170254
-2.34 -0.6955926898143223
-2.33 -0.6883695696177843
-2.32 -0.6810777533490139
-2.31 -0.6737179702957738
-2.3 -0.6662909562565412
-2.29 -0.6587974534838255
-2.2800000000000002 -0.6512382106262549
-2.27 -0.6436139826694599
-2.26 -0.6359255308757696
-2.25 -0.6281736227227391
-2.24 -0.6203590318405264
-2.23 -0.6124825379481408
-2.2199999999999998 -0.6045449267885786
-2.21 -0.5965469900628656
-2.2 -0.5884895253630232
-2.19 -0.5803733361039805
-2.1799999999999997 -0.5721992314544474
-2.17 -0.5639680262667675
-2.16 -0.5556805410057697
-2.15 -0.5473376016766358
-2.14 -0.5389400397518049
-2.13 -0.5304886920969263
-2.12 -0.5219844008958866
-2.11 -0.5134280135749222
-2.1 -0.5048203827258393
-2.09 -0.4961623660283551
-2.08 -0.48745482617158314
-2.07 -0.47869863077467334
-2.06 -0.46989465230663097
-2.05 -0.4610437680053249
-2.04 -0.4521468597957111
-2.0300000000000002 -0.4432048142072773
-2.02 -0.4342185222907355
-2.01 -0.4251888795339776
-2.0 -0.41611678577730393
-1.99 -0.40700314512794905
-1.98 -0.3978488658739214
-1.97 -0.3886548603971666
-1.96 -0.379422045086079
-1.95 -0.3701513402473727
-1.94 -0.36084367001732964
-1.93 -0.3514999622724427
-1.92 -0.3421211485394676
-1.91 -0.33270816390490154
-1.9 -0.32326194692390325
-1.89 -0.31378343952867127
-1.88 -0.3042735869362967
-1.8699999999999999 -0.2947333375561041
-1.8599999999999999 -0.28516364289649954
-1.8499999999999999 -0.27556545747133804
-1.84 -0.2659397387058284
-1.83 -0.25628744684198923
-1.82 -0.24660954484367323
-1.81 -0.23690699830117315
-1.8 -0.22718077533542613
-1.79 -0.2174318465018299
-1.78 -0.20766118469368827
-1.77 -0.19786976504529852
-1.76 -0.18805856483469682
-1.75 -0.17822856338607634
-1.74 -0.16838074197189198
-1.73 -0.15851608371466772
-1.72 -0.14863557348851977
-1.71 -0.13874019782041064
-1.7 -0.12883094479114876
-1.69 -0.11890880393614693
-1.68 -0.10897476614595521
-1.67 -0.09902982356658105
-1.66 -0.08907496949961145
-1.65 -0.07911119830215113
-1.64 -0.0691395052865899
-1.63 -0.05916088662021393
-1.6199999999999999 -0.04917633922467447
-1.6099999999999999 -0.03918686067532618
-1.5999999999999999 -0.02919344910045124
-1.59 -0.0191971030803807
-1.58 -0.009198821546525699
-1.57 0.0008003963196636772
-1.56 0.01079955118780504
-1.55 0.02079764367973792
-1.54 0.03079367447071444
-1.53 0.04078664439061321
-1.52 0.050775554525163434
-1.51 0.06075940631716664
-1.5 0.07073720166770292
-1.49 0.08070794303730962
-1.48 0.09067063354711974
-1.47 0.10062427707994676
-1.46 0.11056787838130518
-1.45 0.12050044316035287
-1.44 0.1304209781907433
-1.43 0.14032849141137763
-1.42 0.15022199202704029
-1.41 0.1601004906089109
-1.4 0.16996299919493682
-1.39 0.1798085313900571
-1.38 0.18963610246626472
-1.3699999999999999 0.19944472946249545
-1.3599999999999999 0.2092334312843331
-1.3499999999999999 0.2190012288035181
-1.3399999999999999 0.22874714495724857
-1.33 0.23847020484726345
-1.32 0.24816943583869536
-1.31 0.2578438676586815
-1.3 0.2674925324947241
-1.29 0.27711446509278675
-1.28 0.2867087028551165
-1.27 0.29627428593778243
-1.26 0.30581025734791667
-1.25 0.3153156630406517
-1.24 0.3247895520157396
-1.23 0.3342309764138431
-1.22 0.3436389916124919
-1.21 0.353012656321687
-1.2 0.3623510326791518
-1.19 0.37165318634521116
-1.18 0.3809181865972925
-1.17 0.39014510642404115
-1.16 0.3993330226190343
-1.15 0.40848101587408897
-1.14 0.41758817087215183
-1.13 0.4266535763797606
-1.1199999999999999 0.43567632533906997
-1.1099999999999999 0.4446555149594296
-1.0999999999999999 0.45359024680850774
-1.0899999999999999 0.46247962690294775
-1.08 0.47132276579855314
-1.07 0.4801187786799848
-1.06 0.4888667854499703
-1.05 0.4975659108180075
-1.04 0.5062152843885604
-1.03 0.5148140407487343
-1.02 0.5233613195554224
-1.01 0.5318562656219183
-1.0 0.5402980290039795
-0.9899999999999998 0.548685765085339
-0.98 0.5570186346626556
-0.9699999999999998 0.5652958040298919
-0.96 0.5735164450621136
-0.9500000000000002 0.581679735298704
-0.94 0.5897848580259815
-0.9300000000000002 0.5978310023592119
-0.9199999999999999 0.6058173633240169
-0.9100000000000001 0.6137431419371552
-0.8999999999999999 0.6216075452866843
-0.8900000000000001 0.6294097866114822
-0.8799999999999999 0.6371490853801336
-0.8700000000000001 0.6448246673691594
-0.8599999999999999 0.652435764740599
-0.8500000000000001 0.6599816161189165
-0.8399999999999999 0.6674614666672487
-0.8300000000000001 0.6748745681629643
-0.8199999999999998 0.6822201790725448
-0.81 0.6894975646257663
-0.7999999999999998 0.696705996889189
-0.79 0.7038447548389352
-0.7799999999999998 0.7109131244327567
-0.77 0.7179103986813802
-0.7599999999999998 0.7248358777191317
-0.75 0.7316888688738211
-0.7399999999999998 0.738468686735894
-0.73 0.7451746532268332
-0.7199999999999998 0.751806097666813
-0.71 0.7583623568415888
-0.6999999999999997 0.7648427750686332
-0.69 0.77124670426249
-0.6800000000000002 0.7775735039993621
-0.6699999999999999 0.783822541580912
-0.6600000000000001 0.789993192097276
-0.6499999999999999 0.7960848384892895
-0.6400000000000001 0.8020968716099027
-0.6299999999999999 0.8080286902848073
-0.6200000000000001 0.8138797013722381
-0.6099999999999999 0.8196493198219712
-0.6000000000000001 0.8253369687334963
-0.5899999999999999 0.8309420794133633
-0.5800000000000001 0.8364640914317004
-0.5699999999999998 0.8419024526778961
-0.56 0.84725661941544
-0.5499999999999998 0.8525260563359186
-0.54 0.8577102366121601
-0.5299999999999998 0.8628086419505272
-0.52 0.8678207626423461
-0.5099999999999998 0.8727460976144755
-0.5 0.8775841544790055
-0.48999999999999977 0.8823344495820835
-0.48 0.8869965080518637
-0.46999999999999975 0.8915698638455756
-0.45999999999999996 0.8960540597957066
-0.44999999999999973 0.9004486476552964
-0.43999999999999995 0.9047531881423367
-0.43000000000000016 0.9089672509832755
-0.41999999999999993 0.9130904149556185
-0.41000000000000014 0.9171222679296278
-0.3999999999999999 0.9210624069091127
-0.3900000000000001 0.9249104380713066
-0.3799999999999999 0.9286659768058307
-0.3700000000000001 0.9323286477527402
-0.3599999999999999 0.9358980848396452
-0.3500000000000001 0.93937393131791
-0.33999999999999986 0.9427558397979233
-0.33000000000000007 0.9460434722834381
-0.31999999999999984 0.9492365002049755
-0.31000000000000005 0.9523346044522936
-0.2999999999999998 0.955337475405917
-0.29000000000000004 0.9582448129677232
-0.2799999999999998 0.9610563265905826
-0.27 0.9637717353070557
-0.2599999999999998 0.966390767757135
-0.25 0.9689131622150373
-0.23999999999999977 0.9713386666150429
-0.22999999999999998 0.9736670385763753
-0.21999999999999975 0.9758980454271232
-0.20999999999999996 0.9780314642272013
-0.19999999999999973 0.9800670817903527
-0.18999999999999995 0.9820046947051762
-0.18000000000000016 0.9838441093551982
-0.16999999999999993 0.9855851419379716
-0.16000000000000014 0.987227618483205
-0.1499999999999999 0.9887713748699183
-0.14000000000000012 0.9902162568426324
-0.1299999999999999 0.991562120026579
-0.1200000000000001 0.9928088299419346
-0.10999999999999988 0.993956262017083
-0.10000000000000009 0.9950043016008959
-0.08999999999999986 0.9959528439740353
-0.08000000000000007 0.9968017943592775
-0.06999999999999984 0.9975510679308557
-0.06000000000000005 0.9982005898228222
-0.04999999999999982 0.9987502951364268
-0.040000000000000036 0.9992001289465138
-0.029999999999999805 0.999550046306936
-0.020000000000000018 0.9998000122549834
-0.009999999999999787 0.9999500018148316
0.0 0.9999999999999999
0.010000000000000231 0.9999500018148315
0.020000000000000018 0.9998000122549837
0.03000000000000025 0.9995500463069359
0.040000000000000036 0.9992001289465139
0.050000000000000266 0.998750295136427
0.06000000000000005 0.9982005898228221
0.07000000000000028 0.9975510679308562
0.08000000000000007 0.9968017943592777
0.08999999999999986 0.9959528439740357
0.10000000000000009 0.9950043016008963
0.10999999999999988 0.9939562620170829
0.1200000000000001 0.9928088299419346
0.1299999999999999 0.991562120026579
0.14000000000000012 0.9902162568426327
0.1499999999999999 0.9887713748699182
0.16000000000000014 0.987227618483205
0.16999999999999993 0.9855851419379715
0.18000000000000016 0.9838441093551982
0.18999999999999995 0.9820046947051755
0.20000000000000018 0.980067081790353
0.20999999999999996 0.9780314642272019
0.2200000000000002 0.9758980454271226
0.22999999999999998 0.9736670385763749
0.2400000000000002 0.971338666615043
0.25 0.968913162215038
0.26000000000000023 0.9663907677571354
0.27 0.9637717353070565
0.28000000000000025 0.9610563265905823
0.29000000000000004 0.9582448129677228
0.30000000000000027 0.9553374754059167
0.31000000000000005 0.9523346044522932
0.3200000000000003 0.949236500204975
0.33000000000000007 0.9460434722834383
0.33999999999999986 0.9427558397979239
0.3500000000000001 0.93937393131791
0.3599999999999999 0.9358980848396455
0.3700000000000001 0.9323286477527406
0.3799999999999999 0.9286659768058311
0.3900000000000001 0.9249104380713061
0.3999999999999999 0.9210624069091123
0.41000000000000014 0.9171222679296284
0.41999999999999993 0.9130904149556182
0.43000000000000016 0.9089672509832752
0.43999999999999995 0.9047531881423372
0.4500000000000002 0.9004486476552958
0.45999999999999996 0.8960540597957065
0.4700000000000002 0.8915698638455751
0.48 0.8869965080518637
0.4900000000000002 0.8823344495820828
0.5 0.8775841544790052
0.5100000000000002 0.8727460976144755
0.52 0.8678207626423461
0.5300000000000002 0.8628086419505264
0.54 0.8577102366121601
0.5500000000000003 0.8525260563359179
0.56 0.8472566194154397
0.5700000000000003 0.841902452677896
0.5800000000000001 0.8364640914317005
0.5899999999999999 0.8309420794133627
0.6000000000000001 0.8253369687334958
0.6099999999999999 0.8196493198219705
0.6200000000000001 0.8138797013722376
0.6299999999999999 0.8080286902848073
0.6400000000000001 0.8020968716099023
0.6499999999999999 0.7960848384892896
0.6600000000000001 0.7899931920972769
0.6699999999999999 0.783822541580911
0.6800000000000002 0.7775735039993623
0.69 0.7712467042624902
0.7000000000000002 0.7648427750686321
0.71 0.7583623568415895
0.7200000000000002 0.7518060976668114
0.73 0.7451746532268343
0.7400000000000002 0.7384686867358926
0.75 0.7316888688738203
0.7600000000000002 0.7248358777191312
0.77 0.7179103986813801
0.7800000000000002 0.7109131244327564
0.79 0.703844754838935
0.8000000000000003 0.6967059968891886
0.81 0.6894975646257653
0.8200000000000003 0.6822201790725448
0.8300000000000001 0.6748745681629654
0.8399999999999999 0.6674614666672496
0.8500000000000001 0.6599816161189163
0.8599999999999999 0.6524357647405992
0.8700000000000001 0.6448246673691597
0.8799999999999999 0.6371490853801335
0.8900000000000001 0.629409786611482
0.8999999999999999 0.6216075452866844
0.9100000000000001 0.6137431419371543
0.9199999999999999 0.6058173633240167
0.9300000000000002 0.5978310023592123
0.94 0.5897848580259819
0.9500000000000002 0.5816797352987041
0.96 0.5735164450621123
0.9700000000000002 0.5652958040298912
0.98 0.5570186346626558
0.9900000000000002 0.548685765085338
1.0 0.5402980290039789
1.0099999999999998 0.5318562656219195
1.0200000000000005 0.5233613195554214
1.0300000000000002 0.5148140407487335
1.04 0.50621528438856
1.0499999999999998 0.4975659108180073
1.0600000000000005 0.4888667854499699
1.0700000000000003 0.4801187786799856
1.08 0.47132276579855353
1.0899999999999999 0.4624796269029483
1.0999999999999996 0.45359024680850735
1.1100000000000003 0.4446555149594274
1.12 0.43567632533906925
1.13 0.42665357637975976
1.1399999999999997 0.4175881708721509
1.1500000000000004 0.408481015874088
1.1600000000000001 0.3993330226190339
1.17 0.3901451064240403
1.1799999999999997 0.3809181865972917
1.1900000000000004 0.3716531863452103
1.2000000000000002 0.3623510326791522
1.21 0.3530126563216864
1.2199999999999998 0.3436389916124911
1.2300000000000004 0.33423097641384225
1.2400000000000002 0.32478955201573945
1.25 0.31531566304065145
1.2599999999999998 0.3058102573479155
1.2700000000000005 0.29627428593778204
1.2800000000000002 0.2867087028551169
1.29 0.2771144650927865
1.2999999999999998 0.267492532494724
1.3100000000000005 0.25784386765868084
1.3200000000000003 0.24816943583869616
1.33 0.23847020484726442
1.3399999999999999 0.22874714495724732
1.3500000000000005 0.21900122880351708
1.3600000000000003 0.20923343128433264
1.37 0.19944472946249522
1.38 0.18963610246626564
1.3899999999999997 0.17980853139005543
1.4000000000000004 0.1699629991949368
1.4100000000000001 0.16010049060891066
1.42 0.1502219920270408
1.4299999999999997 0.14032849141137657
1.4400000000000004 0.13042097819074217
1.4500000000000002 0.120500443160353
1.46 0.11056787838130512
1.4699999999999998 0.10062427707994684
1.4800000000000004 0.09067063354711936
1.4900000000000002 0.08070794303730924
1.5 0.07073720166770313
1.5099999999999998 0.06075940631716651
1.5200000000000005 0.050775554525163046
1.5300000000000002 0.04078664439061265
1.54 0.03079367447071533
1.5499999999999998 0.02079764367973806
1.5600000000000005 0.01079955118780384
1.5700000000000003 0.0008003963196623372
1.58 -0.009198821546525486
1.5899999999999999 -0.01919710308038185
1.6000000000000005 -0.02919344910045314
1.6100000000000003 -0.039186860675328665
1.62 -0.049176339224674535
1.63 -0.0591608866202157
1.6399999999999997 -0.06913950528659078
1.6500000000000004 -0.07911119830215178
1.6600000000000001 -0.08907496949961231
1.67 -0.09902982356658054
1.6799999999999997 -0.10897476614595536
1.6900000000000004 -0.11890880393614732
1.7000000000000002 -0.1288309447911474
1.71 -0.13874019782041075
1.7199999999999998 -0.14863557348852027
1.7300000000000004 -0.15851608371466663
1.7400000000000002 -0.16838074197189046
1.75 -0.17822856338607573
1.7599999999999998 -0.18805856483469602
1.7700000000000005 -0.19786976504530035
1.7800000000000002 -0.2076611846936888
1.79 -0.2174318465018302
1.7999999999999998 -0.22718077533542622
1.8100000000000005 -0.2369069983011745
1.8200000000000003 -0.24660954484367323
1.83 -0.25628744684199123
1.8399999999999999 -0.2659397387058285
1.8500000000000005 -0.27556545747133926
1.8600000000000003 -0.28516364289649954
1.87 -0.2947333375561044
1.88 -0.3042735869362977
1.8899999999999997 -0.3137834395286728
1.9000000000000004 -0.3232619469239026
1.9100000000000001 -0.3327081639049023
1.92 -0.3421211485394665
1.9299999999999997 -0.3514999622724416
1.9400000000000004 -0.3608436700173301
1.9500000000000002 -0.37015134024737417
1.96 -0.3794220450860783
1.9699999999999998 -0.3886548603971647
1.9800000000000004 -0.3978488658739208
1.9900000000000002 -0.40700314512794866
2.0 -0.41611678577730243
2.01 -0.4251888795339779
2.0200000000000005 -0.4342185222907359
2.0300000000000002 -0.4432048142072797
2.04 -0.45214685979571173
2.05 -0.4610437680053271
2.0600000000000005 -0.46989465230663263
2.0700000000000003 -0.4786986307746745
2.08 -0.4874548261715836
2.09 -0.49616236602835423
2.1000000000000005 -0.504820382725841
2.1100000000000003 -0.5134280135749228
2.12 -0.5219844008958865
2.13 -0.5304886920969238
2.1399999999999997 -0.5389400397518056
2.1500000000000004 -0.5473376016766358
2.16 -0.5556805410057685
2.17 -0.5639680262667671
2.1799999999999997 -0.5721992314544481
2.1900000000000004 -0.580373336103981
2.2 -0.5884895253630231
2.21 -0.5965469900628627
2.2199999999999998 -0.6045449267885779
2.2300000000000004 -0.612482537948145
2.24 -0.6203590318405281
2.25 -0.6281736227227396
2.26 -0.6359255308757698
2.2700000000000005 -0.6436139826694615
2.2800000000000002 -0.6512382106262556
2.29 -0.6587974534838255
2.3 -0.6662909562565426
2.3100000000000005 -0.6737179702957745
2.3200000000000003 -0.6810777533490144
2.33 -0.6883695696177851
2.34 -0.6955926898143221
2.3500000000000005 -0.7027463912170248
2.3600000000000003 -0.7098299577246262
2.37 -0.7168426799090838
2.38 -0.7237838550671871
2.3899999999999997 -0.7306527872708121
2.4000000000000004 -0.7374487874158621
2.41 -0.7441711732698213
2.42 -0.7508192695179554
2.4299999999999997 -0.7573924078081002
2.4400000000000004 -0.7638899267940101
2.45 -0.7703111721772804
2.46 -0.7766554967478438
2.4699999999999998 -0.7829222604229159
2.4800000000000004 -0.7891108302845002
2.49 -0.7952205806153347
2.5 -0.8012508929333129
2.51 -0.8072011560243493
2.5200000000000005 -0.8130707659736335
2.5300000000000002 -0.8188591261953195
2.54 -0.8245656474605507
2.55 -0.8301897479238685
2.5600000000000005 -0.8357308531479503
2.5700000000000003 -0.8411883961266472
2.58 -0.8465618173063153
2.59 -0.8518505646054356
2.6000000000000005 -0.8570540934324621
2.6100000000000003 -0.8621718667019284
2.62 -0.8672033548486953
2.63 -0.8721480358404718
2.6399999999999997 -0.8770053951884309
2.6500000000000004 -0.8817749259559949
2.66 -0.8864561287657511
2.67 -0.8910485118044282
2.6799999999999997 -0.89555159082599
2.6900000000000004 -0.8999648891527655
2.7 -0.9042879376746128
2.71 -0.9085202748460746
2.7199999999999998 -0.9126614466815599
2.7300000000000004 -0.9167110067484707
2.74 -0.9206685161582527
2.75 -0.9245335435554157
2.76 -0.9283056651043832
2.7700000000000005 -0.9319844644743028
2.7800000000000002 -0.9355695328216197
2.79 -0.9390604687705436
2.8 -0.9424568783913158
2.8100000000000005 -0.9457583751762229
2.8200000000000003 -0.9489645800134009
2.83 -0.9520751211583887
2.84 -0.9550896342033506
2.8500000000000005 -0.9580077620440471
2.8600000000000003 -0.9608291548444297
2.87 -0.9635534699988884
2.88 -0.9661803720921524
2.8899999999999997 -0.9687095328567278
2.9000000000000004 -0.9711406311279807
2.91 -0.9734733527966963
2.92 -0.975707390759228
2.9299999999999997 -0.9778424448651116
2.9400000000000004 -0.9798782218621555
2.95 -0.9818144353390044
2.96 -0.983650805665129
2.9699999999999998 -0.9853870599281904
2.9800000000000004 -0.9870229318688408
2.99 -0.9885581618128222
3.0 -0.9899924966004451
