-3.0 2.0
-2.99 2.006478369876543
-2.98 2.012582510617284
-2.97 2.01831596
-2.96 2.0236822439506175
-2.95 2.0286848765432097
-2.94 2.03332736
-2.93 2.037613184691358
-2.92 2.0415458291358024
-2.91 2.04512876
-2.9 2.0483654320987656
-2.89 2.0512592883950616
-2.88 2.05381376
-2.87 2.0560322661728394
-2.86 2.0579182143209875
-2.85 2.059475
-2.84 2.0607060069135805
-2.83 2.0616146069135803
-2.82 2.06220416
-2.81 2.0624780143209875
-2.8 2.0624395061728396
-2.79 2.06209196
-2.78 2.0614386883950617
-2.77 2.0604829920987653
-2.76 2.05922816
-2.75 2.0576774691358026
-2.74 2.055834184691358
-2.73 2.05370156
-2.7199999999999998 2.05128283654321
-2.71 2.0485812439506175
-2.7 2.0456
-2.69 2.042342310617284
-2.68 2.038811369876543
-2.67 2.0350103600000002
-2.66 2.0309424513580248
-2.65 2.026610802469136
-2.64 2.0220185600000002
-2.63 2.017168858765432
-2.62 2.012064821728395
-2.61 2.00670956
-2.6 2.0011061728395063
-2.59 1.995257747654321
-2.58 1.98916736
-2.57 1.9828380735802469
-2.56 1.9762729402469135
-2.55 1.9694749999999999
-2.54 1.962447280987654
-2.53 1.9551927995061726
-2.52 1.94771456
-2.51 1.9400155550617284
-2.5 1.9320987654320987
-2.49 1.9239671600000003
-2.48 1.915623695802469
-2.4699999999999998 1.907071318024691
-2.46 1.89831296
-2.45 1.8893515432098766
-2.44 1.8801899772839508
-2.4299999999999997 1.8708311599999998
-2.42 1.8612779772839505
-2.41 1.8515333032098766
-2.4 1.8415999999999997
-2.39 1.8314809180246914
-2.38 1.8211788958024688
-2.37 1.8106967600000001
-2.36 1.8000373254320985
-2.35 1.7892033950617285
-2.34 1.7781977599999998
-2.33 1.767023199506173
-2.32 1.7556824809876541
-2.31 1.74417836
-2.3 1.7325135802469134
-2.29 1.7206908735802469
-2.2800000000000002 1.7087129600000004
-2.27 1.6965825476543208
-2.26 1.684302332839506
-2.25 1.671875
-2.24 1.6593032217283952
-2.23 1.646589658765432
-2.2199999999999998 1.6337369599999998
-2.21 1.6207477624691358
-2.2 1.607624691358025
-2.19 1.59437036
-2.1799999999999997 1.5809873698765429
-2.17 1.5674783106172838
-2.16 1.5538457600000002
-2.15 1.5400922839506173
-2.14 1.52622043654321
-2.13 1.5122327599999998
-2.12 1.4981317846913582
-2.11 1.4839200291358023
-2.1 1.4696
-2.09 1.4551741920987653
-2.08 1.440645088395062
-2.07 1.4260151599999997
-2.06 1.4112868661728395
-2.05 1.3964626543209873
-2.04 1.38154496
-2.0300000000000002 1.3665362069135807
-2.02 1.3514388069135803
-2.01 1.3362551599999997
-2.0 1.3209876543209877
-1.99 1.3056386661728394
-1.98 1.29021056
-1.97 1.2747056883950616
-1.96 1.2591263920987654
-1.95 1.243475
-1.94 1.2277538291358023
-1.93 1.211965184691358
-1.92 1.19611136
-1.91 1.1801946365432097
-1.9 1.164217283950617
-1.89 1.1481815599999998
-1.88 1.1320897106172838
-1.8699999999999999 1.115943969876543
-1.8599999999999999 1.0997465599999998
-1.8499999999999999 1.0834996913580244
-1.84 1.067205562469136
-1.83 1.05086636
-1.82 1.0344842587654322
-1.81 1.0180614217283952
-1.8 1.0016
-1.79 0.9851021328395062
-1.78 0.968569947654321
-1.77 0.95200556
-1.76 0.9354110735802469
-1.75 0.9187885802469136
-1.74 0.9021401600000001
-1.73 0.8854678809876543
-1.72 0.8687737995061728
-1.71 0.85205996
-1.7 0.8353283950617283
-1.69 0.8185811254320986
-1.68 0.8018201599999999
-1.67 0.785047495802469
-1.66 0.7682651180246912
-1.65 0.7514749999999999
-1.64 0.7346791032098764
-1.63 0.7178793772839505
-1.6199999999999999 0.7010777599999999
-1.6099999999999999 0.6842761772839504
-1.5999999999999999 0.6674765432098763
-1.59 0.6506807600000002
-1.58 0.6338907180246914
-1.57 0.6171082958024693
-1.56 0.6003353600000001
-1.55 0.5835737654320988
-1.54 0.5668253550617285
-1.53 0.55009196
-1.52 0.5333753995061729
-1.51 0.5166774809876543
-1.5 0.5
-1.49 0.4833447402469136
-1.48 0.4667134735802469
-1.47 0.45010796
-1.46 0.4335299476543209
-1.45 0.4169811728395061
-1.44 0.4004633599999999
-1.43 0.38397822172839496
-1.42 0.36752745876543197
-1.41 0.35111275999999986
-1.4 0.33473580246913565
-1.39 0.3183982513580246
-1.38 0.3021017599999999
-1.3699999999999999 0.285847969876543
-1.3599999999999999 0.2696385106172838
-1.3499999999999999 0.2534749999999998
-1.3399999999999999 0.23735904395061705
-1.33 0.22129223654321
-1.32 0.2052761600000001
-1.31 0.1893123846913581
-1.3 0.17340246913580254
-1.29 0.1575479600000001
-1.28 0.14175039209876547
-1.27 0.12601128839506176
-1.26 0.11033216000000003
-1.25 0.09471450617283951
-1.24 0.07915981432098763
-1.23 0.06366955999999999
-1.22 0.048245206913580196
-1.21 0.0328882069135802
-1.2 0.017599999999999907
-1.19 0.0023820143209875994
-1.18 -0.012764333827160565
-1.17 -0.027837640000000066
-1.16 -0.04283651160493837
-1.15 -0.05775956790123468
-1.14 -0.07260544000000013
-1.13 -0.08737277086419769
-1.1199999999999999 -0.10206021530864214
-1.1099999999999999 -0.1166664400000002
-1.0999999999999999 -0.1311901234567903
-1.0899999999999999 -0.1456299560493829
-1.08 -0.1599846399999999
-1.07 -0.174252889382716
-1.06 -0.18843343012345673
-1.05 -0.2025249999999999
-1.04 -0.21652634864197523
-1.03 -0.23043623753086412
-1.02 -0.24425344
-1.01 -0.2579767412345679
-1.0 -0.2716049382716049
-0.9899999999999998 -0.28513684000000034
-0.98 -0.2985712671604938
-0.9699999999999998 -0.3119070523456793
-0.96 -0.32514304000000005
-0.9500000000000002 -0.3382780864197529
-0.94 -0.3513110597530865
-0.9300000000000002 -0.3642408399999998
-0.9199999999999999 -0.3770663190123458
-0.9100000000000001 -0.38978640049382696
-0.8999999999999999 -0.4024000000000001
-0.8900000000000001 -0.41490604493827143
-0.8799999999999999 -0.4273034745679013
-0.8700000000000001 -0.4395912399999999
-0.8599999999999999 -0.451768304197531
-0.8500000000000001 -0.4638336419753085
-0.8399999999999999 -0.47578624000000014
-0.8300000000000001 -0.48762509679012334
-0.8199999999999998 -0.49934922271604953
-0.81 -0.51095764
-0.7999999999999998 -0.5224493827160496
-0.79 -0.5338234967901234
-0.7799999999999998 -0.5450790400000002
-0.77 -0.5562150819753087
-0.7599999999999998 -0.5672307041975311
-0.75 -0.578125
-0.7399999999999998 -0.5888970745679015
-0.73 -0.5995460449382717
-0.7199999999999998 -0.6100710400000002
-0.71 -0.6204712004938272
-0.6999999999999997 -0.630745679012346
-0.69 -0.64089364
-0.6800000000000002 -0.6509142597530863
-0.6699999999999999 -0.6608067264197531
-0.6600000000000001 -0.6705702399999998
-0.6499999999999999 -0.6802040123456792
-0.6400000000000001 -0.6897072671604937
-0.6299999999999999 -0.6990792400000001
-0.6200000000000001 -0.7083191782716047
-0.6099999999999999 -0.7174263412345679
-0.6000000000000001 -0.7263999999999999
-0.5899999999999999 -0.7352394375308644
-0.5800000000000001 -0.7439439486419752
-0.5699999999999998 -0.7525128400000001
-0.56 -0.7609454301234567
-0.5499999999999998 -0.7692410493827162
-0.54 -0.7773990399999999
-0.5299999999999998 -0.7854187560493828
-0.52 -0.7932995634567901
-0.5099999999999998 -0.8010408400000002
-0.5 -0.8086419753086419
-0.48999999999999977 -0.8161023708641977
-0.48 -0.82342144
-0.46999999999999975 -0.8305986079012347
-0.45999999999999996 -0.8376333116049383
-0.44999999999999973 -0.8445250000000002
-0.43999999999999995 -0.8512731338271604
-0.43000000000000016 -0.8578771856790122
-0.41999999999999993 -0.8643366400000001
-0.41000000000000014 -0.8706509930864197
-0.3999999999999999 -0.8768197530864198
-0.3900000000000001 -0.8828424399999999
-0.3799999999999999 -0.8887185856790124
-0.3700000000000001 -0.8944477338271604
-0.3599999999999999 -0.9000294400000001
-0.3500000000000001 -0.9054632716049382
-0.33999999999999986 -0.9107488079012347
-0.33000000000000007 -0.9158856400000001
-0.31999999999999984 -0.9208733708641976
-0.31000000000000005 -0.925711615308642
-0.2999999999999998 -0.9304
-0.29000000000000004 -0.9349381634567902
-0.2799999999999998 -0.9393257560493828
-0.27 -0.94356244
-0.2599999999999998 -0.947647889382716
-0.25 -0.9515817901234567
-0.23999999999999977 -0.9553638400000001
-0.22999999999999998 -0.9589937486419753
-0.21999999999999975 -0.9624712375308643
-0.20999999999999996 -0.96579604
-0.19999999999999973 -0.968967901234568
-0.18999999999999995 -0.971986578271605
-0.18000000000000016 -0.9748518399999999
-0.16999999999999993 -0.9775634671604938
-0.16000000000000014 -0.9801212523456789
-0.1499999999999999 -0.982525
-0.14000000000000012 -0.9847745264197529
-0.1299999999999999 -0.9868696597530864
-0.1200000000000001 -0.98881024
-0.10999999999999988 -0.9905961190123457
-0.10000000000000009 -0.9922271604938271
-0.08999999999999986 -0.9937032400000001
-0.08000000000000007 -0.9950242449382716
-0.06999999999999984 -0.9961900745679012
-0.06000000000000005 -0.99720064
-0.04999999999999982 -0.9980558641975308
-0.040000000000000036 -0.9987556819753086
-0.029999999999999805 -0.99930004
-0.020000000000000018 -0.9996888967901235
-0.009999999999999787 -0.9999222227160494
0.0 -1.0
0.010000000000000231 -0.9999222227160494
0.020000000000000018 -0.9996888967901235
0.03000000000000025 -0.9993000400000001
0.040000000000000036 -0.9987556819753086
0.050000000000000266 -0.9980558641975308
0.06000000000000005 -0.99720064
0.07000000000000028 -0.9961900745679011
0.08000000000000007 -0.9950242449382717
0.08999999999999986 -0.99370324
0.10000000000000009 -0.9922271604938272
0.10999999999999988 -0.9905961190123457
0.1200000000000001 -0.98881024
0.1299999999999999 -0.9868696597530865
0.14000000000000012 -0.9847745264197532
0.1499999999999999 -0.982525
0.16000000000000014 -0.9801212523456789
0.16999999999999993 -0.9775634671604939
0.18000000000000016 -0.9748518399999999
0.18999999999999995 -0.971986578271605
0.20000000000000018 -0.9689679012345679
0.20999999999999996 -0.9657960400000001
0.2200000000000002 -0.962471237530864
0.22999999999999998 -0.9589937486419753
0.2400000000000002 -0.95536384
0.25 -0.9515817901234568
0.26000000000000023 -0.947647889382716
0.27 -0.94356244
0.28000000000000025 -0.9393257560493827
0.29000000000000004 -0.9349381634567902
0.30000000000000027 -0.9303999999999999
0.31000000000000005 -0.925711615308642
0.3200000000000003 -0.9208733708641974
0.33000000000000007 -0.91588564
0.33999999999999986 -0.9107488079012347
0.3500000000000001 -0.9054632716049382
0.3599999999999999 -0.9000294400000001
0.3700000000000001 -0.8944477338271605
0.3799999999999999 -0.8887185856790125
0.3900000000000001 -0.8828424399999999
0.3999999999999999 -0.8768197530864198
0.41000000000000014 -0.8706509930864196
0.41999999999999993 -0.8643366400000001
0.43000000000000016 -0.8578771856790123
0.43999999999999995 -0.8512731338271605
0.4500000000000002 -0.844525
0.45999999999999996 -0.8376333116049384
0.4700000000000002 -0.8305986079012345
0.48 -0.82342144
0.4900000000000002 -0.8161023708641975
0.5 -0.808641975308642
0.5100000000000002 -0.8010408399999999
0.52 -0.7932995634567902
0.5300000000000002 -0.7854187560493826
0.54 -0.7773990400000002
0.5500000000000003 -0.7692410493827159
0.56 -0.7609454301234567
0.5700000000000003 -0.75251284
0.5800000000000001 -0.7439439486419753
0.5899999999999999 -0.7352394375308644
0.6000000000000001 -0.7263999999999999
0.6099999999999999 -0.7174263412345682
0.6200000000000001 -0.708319178271605
0.6299999999999999 -0.6990792400000002
0.6400000000000001 -0.6897072671604938
0.6499999999999999 -0.680204012345679
0.6600000000000001 -0.67057024
0.6699999999999999 -0.6608067264197531
0.6800000000000002 -0.6509142597530863
0.69 -0.6408936400000002
0.7000000000000002 -0.6307456790123456
0.71 -0.6204712004938273
0.7200000000000002 -0.6100710399999999
0.73 -0.5995460449382718
0.7400000000000002 -0.5888970745679012
0.75 -0.578125
0.7600000000000002 -0.5672307041975309
0.77 -0.5562150819753086
0.7800000000000002 -0.5450790399999997
0.79 -0.5338234967901234
0.8000000000000003 -0.522449382716049
0.81 -0.51095764
0.8200000000000003 -0.499349222716049
0.8300000000000001 -0.48762509679012345
0.8399999999999999 -0.47578624
0.8500000000000001 -0.46383364197530863
0.8599999999999999 -0.4517683041975309
0.8700000000000001 -0.4395912399999997
0.8799999999999999 -0.42730347456790135
0.8900000000000001 -0.41490604493827155
0.8999999999999999 -0.4024000000000002
0.9100000000000001 -0.38978640049382707
0.9199999999999999 -0.37706631901234605
0.9300000000000002 -0.3642408399999998
0.94 -0.3513110597530868
0.9500000000000002 -0.3382780864197531
0.96 -0.32514303999999994
0.9700000000000002 -0.31190705234567884
0.98 -0.29857126716049387
0.9900000000000002 -0.2851368399999997
1.0 -0.27160493827160503
1.0099999999999998 -0.25797674123456854
1.0200000000000005 -0.24425343999999943
1.0300000000000002 -0.23043623753086398
1.04 -0.21652634864197556
1.0499999999999998 -0.20252500000000023
1.0600000000000005 -0.18843343012345604
1.0700000000000003 -0.174252889382716
1.08 -0.1599846399999999
1.0899999999999999 -0.145629956049383
1.0999999999999996 -0.13119012345679082
1.1100000000000003 -0.1166664399999994
1.12 -0.10206021530864204
1.13 -0.08737277086419779
1.1399999999999997 -0.07260544000000033
1.1500000000000004 -0.05775956790123435
1.1600000000000001 -0.0428365116049384
1.17 -0.027837639999999997
1.1799999999999997 -0.012764333827161162
1.1900000000000004 0.002382014320988196
1.2000000000000002 0.0176000000000002
1.21 0.03288820691357994
1.2199999999999998 0.0482452069135795
1.2300000000000004 0.06366956000000054
1.2400000000000002 0.07915981432098781
1.25 0.0947145061728393
1.2599999999999998 0.11033215999999968
1.2700000000000005 0.1260112883950623
1.2800000000000002 0.14175039209876594
1.29 0.1575479599999997
1.2999999999999998 0.17340246913580193
1.3100000000000005 0.18931238469135878
1.3200000000000003 0.20527616000000046
1.33 0.22129223654320954
1.3399999999999999 0.23735904395061727
1.3500000000000005 0.25347500000000067
1.3600000000000003 0.26963851061728406
1.37 0.2858479698765433
1.38 0.30210175999999966
1.3899999999999997 0.31839825135802413
1.4000000000000004 0.33473580246913626
1.4100000000000001 0.3511127599999998
1.42 0.36752745876543147
1.4299999999999997 0.38397822172839446
1.4400000000000004 0.4004633600000007
1.4500000000000002 0.416981172839506
1.46 0.43352994765432074
1.4699999999999998 0.4501079599999995
1.4800000000000004 0.46671347358024706
1.4900000000000002 0.4833447402469138
1.5 0.5
1.5099999999999998 0.5166774809876536
1.5200000000000005 0.5333753995061734
1.5300000000000002 0.5500919600000007
1.54 0.5668253550617277
1.5499999999999998 0.5835737654320987
1.5600000000000005 0.6003353600000009
1.5700000000000003 0.6171082958024691
1.58 0.6338907180246914
1.5899999999999999 0.6506807599999992
1.6000000000000005 0.667476543209878
1.6100000000000003 0.684276177283951
1.62 0.7010777600000001
1.63 0.7178793772839496
1.6399999999999997 0.7346791032098763
1.6500000000000004 0.7514750000000008
1.6600000000000001 0.7682651180246909
1.67 0.785047495802469
1.6799999999999997 0.8018201599999997
1.6900000000000004 0.8185811254320994
1.7000000000000002 0.8353283950617291
1.71 0.8520599599999998
1.7199999999999998 0.8687737995061722
1.7300000000000004 0.8854678809876546
1.7400000000000002 0.9021401599999996
1.75 0.9187885802469137
1.7599999999999998 0.9354110735802463
1.7700000000000005 0.9520055600000006
1.7800000000000002 0.9685699476543215
1.79 0.9851021328395062
1.7999999999999998 1.001599999999999
1.8100000000000005 1.0180614217283959
1.8200000000000003 1.0344842587654328
1.83 1.0508663599999997
1.8399999999999999 1.0672055624691357
1.8500000000000005 1.0834996913580253
1.8600000000000003 1.0997465599999998
1.87 1.1159439698765428
1.88 1.1320897106172834
1.8899999999999997 1.1481815599999998
1.9000000000000004 1.1642172839506175
1.9100000000000001 1.1801946365432094
1.92 1.1961113599999988
1.9299999999999997 1.2119651846913575
1.9400000000000004 1.2277538291358032
1.9500000000000002 1.2434749999999999
1.96 1.2591263920987656
1.9699999999999998 1.2747056883950605
1.9800000000000004 1.2902105599999993
1.9900000000000002 1.30563866617284
2.0 1.3209876543209877
2.01 1.336255159999999
2.0200000000000005 1.3514388069135812
2.0300000000000002 1.3665362069135802
2.04 1.3815449599999994
2.05 1.3964626543209873
2.0600000000000005 1.4112868661728404
2.0700000000000003 1.42601516
2.08 1.440645088395062
2.09 1.455174192098765
2.1000000000000005 1.4696000000000002
2.1100000000000003 1.483920029135803
2.12 1.4981317846913578
2.13 1.5122327599999994
2.1399999999999997 1.5262204365432104
2.1500000000000004 1.5400922839506175
2.16 1.5538457600000002
2.17 1.5674783106172847
2.1799999999999997 1.5809873698765422
2.1900000000000004 1.5943703600000008
2.2 1.6076246913580252
2.21 1.6207477624691349
2.2199999999999998 1.6337369599999985
2.2300000000000004 1.6465896587654325
2.24 1.6593032217283952
2.25 1.6718749999999982
2.26 1.684302332839506
2.2700000000000005 1.6965825476543208
2.2800000000000002 1.7087129600000006
2.29 1.7206908735802466
2.3 1.732513580246913
2.3100000000000005 1.7441783600000007
2.3200000000000003 1.7556824809876537
2.33 1.767023199506172
2.34 1.77819776
2.3500000000000005 1.7892033950617283
2.3600000000000003 1.8000373254320983
2.37 1.8106967600000008
2.38 1.8211788958024688
2.3899999999999997 1.8314809180246905
2.4000000000000004 1.8416000000000006
2.41 1.8515333032098762
2.42 1.8612779772839505
2.4299999999999997 1.8708311599999998
2.4400000000000004 1.8801899772839508
2.45 1.8893515432098762
2.46 1.8983129600000002
2.4699999999999998 1.9070713180246903
2.4800000000000004 1.9156236958024686
2.49 1.9239671599999997
2.5 1.932098765432098
2.51 1.940015555061728
2.5200000000000005 1.9477145600000005
2.5300000000000002 1.9551927995061722
2.54 1.9624472809876528
2.55 1.9694750000000005
2.5600000000000005 1.9762729402469126
2.5700000000000003 1.9828380735802456
2.58 1.9891673599999997
2.59 1.9952577476543198
2.6000000000000005 2.0011061728395063
2.6100000000000003 2.0067095600000004
2.62 2.012064821728393
2.63 2.0171688587654324
2.6399999999999997 2.0220185599999994
2.6500000000000004 2.026610802469135
2.66 2.030942451358024
2.67 2.0350103600000007
2.6799999999999997 2.038811369876542
2.6900000000000004 2.042342310617284
2.7 2.0455999999999994
2.71 2.048581243950617
2.7199999999999998 2.0512828365432076
2.7300000000000004 2.0537015600000013
2.74 2.0558341846913573
2.75 2.057677469135803
2.76 2.059228160000001
2.7700000000000005 2.0604829920987653
2.7800000000000002 2.0614386883950626
2.79 2.0620919599999983
2.8 2.06243950617284
2.8100000000000005 2.0624780143209884
2.8200000000000003 2.0622041599999994
2.83 2.0616146069135786
2.84 2.0607060069135796
2.8500000000000005 2.059474999999999
2.8600000000000003 2.0579182143209866
2.87 2.0560322661728403
2.88 2.0538137600000015
2.8899999999999997 2.0512592883950607
2.9000000000000004 2.048365432098766
2.91 2.04512876
2.92 2.041545829135802
2.9299999999999997 2.0376131846913594
2.9400000000000004 2.0333273599999986
2.95 2.0286848765432097
2.96 2.023682243950618
2.9699999999999998 2.01831596
2.9800000000000004 2.0125825106172828
2.99 2.006478369876544
3.0 2.0
