-3.0 2.0
-2.99 1.9900000000000002
-2.98 1.98
-2.97 1.9700000000000002
-2.96 1.96
-2.95 1.9500000000000002
-2.94 1.94
-2.93 1.9300000000000002
-2.92 1.92
-2.91 1.9100000000000001
-2.9 1.9
-2.89 1.8900000000000001
-2.88 1.88
-2.87 1.87
-2.86 1.8599999999999999
-2.85 1.85
-2.84 1.8399999999999999
-2.83 1.83
-2.82 1.8199999999999998
-2.81 1.81
-2.8 1.7999999999999998
-2.79 1.79
-2.78 1.7799999999999998
-2.77 1.77
-2.76 1.7599999999999998
-2.75 1.75
-2.74 1.7400000000000002
-2.73 1.73
-2.7199999999999998 1.7199999999999998
-2.71 1.71
-2.7 1.7000000000000002
-2.69 1.69
-2.68 1.6800000000000002
-2.67 1.67
-2.66 1.6600000000000001
-2.65 1.65
-2.64 1.6400000000000001
-2.63 1.63
-2.62 1.62
-2.61 1.6099999999999999
-2.6 1.6
-2.59 1.5899999999999999
-2.58 1.58
-2.57 1.5699999999999998
-2.56 1.56
-2.55 1.5499999999999998
-2.54 1.54
-2.53 1.5299999999999998
-2.52 1.52
-2.51 1.5099999999999998
-2.5 1.5
-2.49 1.4900000000000002
-2.48 1.48
-2.4699999999999998 1.4699999999999998
-2.46 1.46
-2.45 1.4500000000000002
-2.44 1.44
-2.4299999999999997 1.4299999999999997
-2.42 1.42
-2.41 1.4100000000000001
-2.4 1.4
-2.39 1.3900000000000001
-2.38 1.38
-2.37 1.37
-2.36 1.3599999999999999
-2.35 1.35
-2.34 1.3399999999999999
-2.33 1.33
-2.32 1.3199999999999998
-2.31 1.31
-2.3 1.2999999999999998
-2.29 1.29
-2.2800000000000002 1.2800000000000002
-2.27 1.27
-2.26 1.2599999999999998
-2.25 1.25
-2.24 1.2400000000000002
-2.23 1.23
-2.2199999999999998 1.2199999999999998
-2.21 1.21
-2.2 1.2000000000000002
-2.19 1.19
-2.1799999999999997 1.1799999999999997
-2.17 1.17
-2.16 1.1600000000000001
-2.15 1.15
-2.14 1.1400000000000001
-2.13 1.13
-2.12 1.12
-2.11 1.1099999999999999
-2.1 1.1
-2.09 1.0899999999999999
-2.08 1.08
-2.07 1.0699999999999998
-2.06 1.06
-2.05 1.0499999999999998
-2.04 1.04
-2.0300000000000002 1.0300000000000002
-2.02 1.02
-2.01 1.0099999999999998
-2.0 1.0
-1.99 0.99
-1.98 0.98
-1.97 0.97
-1.96 0.96
-1.95 0.95
-1.94 0.94
-1.93 0.9299999999999999
-1.92 0.9199999999999999
-1.91 0.9099999999999999
-1.9 0.8999999999999999
-1.89 0.8899999999999999
-1.88 0.8799999999999999
-1.8699999999999999 0.8699999999999999
-1.8599999999999999 0.8599999999999999
-1.8499999999999999 0.8499999999999999
-1.84 0.8400000000000001
-1.83 0.8300000000000001
-1.82 0.8200000000000001
-1.81 0.81
-1.8 0.8
-1.79 0.79
-1.78 0.78
-1.77 0.77
-1.76 0.76
-1.75 0.75
-1.74 0.74
-1.73 0.73
-1.72 0.72
-1.71 0.71
-1.7 0.7
-1.69 0.69
-1.68 0.6799999999999999
-1.67 0.6699999999999999
-1.66 0.6599999999999999
-1.65 0.6499999999999999
-1.64 0.6399999999999999
-1.63 0.6299999999999999
-1.6199999999999999 0.6199999999999999
-1.6099999999999999 0.6099999999999999
-1.5999999999999999 0.5999999999999999
-1.59 0.5900000000000001
-1.58 0.5800000000000001
-1.57 0.5700000000000001
-1.56 0.56
-1.55 0.55
-1.54 0.54
-1.53 0.53
-1.52 0.52
-1.51 0.51
-1.5 0.5
-1.49 0.49
-1.48 0.48
-1.47 0.47
-1.46 0.45999999999999996
-1.45 0.44999999999999996
-1.44 0.43999999999999995
-1.43 0.42999999999999994
-1.42 0.41999999999999993
-1.41 0.4099999999999999
-1.4 0.3999999999999999
-1.39 0.3899999999999999
-1.38 0.3799999999999999
-1.3699999999999999 0.3699999999999999
-1.3599999999999999 0.3599999999999999
-1.3499999999999999 0.34999999999999987
-1.3399999999999999 0.33999999999999986
-1.33 0.33000000000000007
-1.32 0.32000000000000006
-1.31 0.31000000000000005
-1.3 0.30000000000000004
-1.29 0.29000000000000004
-1.28 0.28
-1.27 0.27
-1.26 0.26
-1.25 0.25
-1.24 0.24
-1.23 0.22999999999999998
-1.22 0.21999999999999997
-1.21 0.20999999999999996
-1.2 0.19999999999999996
-1.19 0.18999999999999995
-1.18 0.17999999999999994
-1.17 0.16999999999999993
-1.16 0.15999999999999992
-1.15 0.1499999999999999
-1.14 0.1399999999999999
-1.13 0.1299999999999999
-1.1199999999999999 0.11999999999999988
-1.1099999999999999 0.10999999999999988
-1.0999999999999999 0.09999999999999987
-1.0899999999999999 0.08999999999999986
-1.08 0.08000000000000007
-1.07 0.07000000000000006
-1.06 0.06000000000000005
-1.05 0.050000000000000044
-1.04 0.040000000000000036
-1.03 0.030000000000000027
-1.02 0.020000000000000018
-1.01 0.010000000000000009
-1.0 0.0
-0.9899999999999998 -0.010000000000000231
-0.98 -0.020000000000000018
-0.9699999999999998 -0.03000000000000025
-0.96 -0.040000000000000036
-0.9500000000000002 -0.04999999999999982
-0.94 -0.06000000000000005
-0.9300000000000002 -0.06999999999999984
-0.9199999999999999 -0.08000000000000007
-0.9100000000000001 -0.08999999999999986
-0.8999999999999999 -0.10000000000000009
-0.8900000000000001 -0.10999999999999988
-0.8799999999999999 -0.1200000000000001
-0.8700000000000001 -0.1299999999999999
-0.8599999999999999 -0.14000000000000012
-0.8500000000000001 -0.1499999999999999
-0.8399999999999999 -0.16000000000000014
-0.8300000000000001 -0.16999999999999993
-0.8199999999999998 -0.18000000000000016
-0.81 -0.18999999999999995
-0.7999999999999998 -0.20000000000000018
-0.79 -0.20999999999999996
-0.7799999999999998 -0.2200000000000002
-0.77 -0.22999999999999998
-0.7599999999999998 -0.2400000000000002
-0.75 -0.25
-0.7399999999999998 -0.26000000000000023
-0.73 -0.27
-0.7199999999999998 -0.28000000000000025
-0.71 -0.29000000000000004
-0.6999999999999997 -0.30000000000000027
-0.69 -0.31000000000000005
-0.6800000000000002 -0.31999999999999984
-0.6699999999999999 -0.33000000000000007
-0.6600000000000001 -0.33999999999999986
-0.6499999999999999 -0.3500000000000001
-0.6400000000000001 -0.3599999999999999
-0.6299999999999999 -0.3700000000000001
-0.6200000000000001 -0.3799999999999999
-0.6099999999999999 -0.3900000000000001
-0.6000000000000001 -0.3999999999999999
-0.5899999999999999 -0.41000000000000014
-0.5800000000000001 -0.41999999999999993
-0.5699999999999998 -0.43000000000000016
-0.56 -0.43999999999999995
-0.5499999999999998 -0.4500000000000002
-0.54 -0.45999999999999996
-0.5299999999999998 -0.4700000000000002
-0.52 -0.48
-0.5099999999999998 -0.4900000000000002
-0.5 -0.5
-0.48999999999999977 -0.5100000000000002
-0.48 -0.52
-0.46999999999999975 -0.5300000000000002
-0.45999999999999996 -0.54
-0.44999999999999973 -0.5500000000000003
-0.43999999999999995 -0.56
-0.43000000000000016 -0.5699999999999998
-0.41999999999999993 -0.5800000000000001
-0.41000000000000014 -0.5899999999999999
-0.3999999999999999 -0.6000000000000001
-0.3900000000000001 -0.6099999999999999
-0.3799999999999999 -0.6200000000000001
-0.3700000000000001 -0.6299999999999999
-0.3599999999999999 -0.6400000000000001
-0.3500000000000001 -0.6499999999999999
-0.33999999999999986 -0.6600000000000001
-0.33000000000000007 -0.6699999999999999
-0.31999999999999984 -0.6800000000000002
-0.31000000000000005 -0.69
-0.2999999999999998 -0.7000000000000002
-0.29000000000000004 -0.71
-0.2799999999999998 -0.7200000000000002
-0.27 -0.73
-0.2599999999999998 -0.7400000000000002
-0.25 -0.75
-0.23999999999999977 -0.7600000000000002
-0.22999999999999998 -0.77
-0.21999999999999975 -0.7800000000000002
-0.20999999999999996 -0.79
-0.19999999999999973 -0.8000000000000003
-0.18999999999999995 -0.81
-0.18000000000000016 -0.8199999999999998
-0.16999999999999993 -0.8300000000000001
-0.16000000000000014 -0.8399999999999999
-0.1499999999999999 -0.8500000000000001
-0.14000000000000012 -0.8599999999999999
-0.1299999999999999 -0.8700000000000001
-0.1200000000000001 -0.8799999999999999
-0.10999999999999988 -0.8900000000000001
-0.10000000000000009 -0.8999999999999999
-0.08999999999999986 -0.9100000000000001
-0.08000000000000007 -0.9199999999999999
-0.06999999999999984 -0.9300000000000002
-0.06000000000000005 -0.94
-0.04999999999999982 -0.9500000000000002
-0.040000000000000036 -0.96
-0.029999999999999805 -0.9700000000000002
-0.020000000000000018 -0.98
-0.009999999999999787 -0.9900000000000002
0.0 -1.0
0.010000000000000231 -0.9899999999999998
0.020000000000000018 -0.98
0.03000000000000025 -0.9699999999999998
0.040000000000000036 -0.96
0.050000000000000266 -0.9499999999999997
0.06000000000000005 -0.94
0.07000000000000028 -0.9299999999999997
0.08000000000000007 -0.9199999999999999
0.08999999999999986 -0.9100000000000001
0.10000000000000009 -0.8999999999999999
0.10999999999999988 -0.8900000000000001
0.1200000000000001 -0.8799999999999999
0.1299999999999999 -0.8700000000000001
0.14000000000000012 -0.8599999999999999
0.1499999999999999 -0.8500000000000001
0.16000000000000014 -0.8399999999999999
0.16999999999999993 -0.8300000000000001
0.18000000000000016 -0.8199999999999998
0.18999999999999995 -0.81
0.20000000000000018 -0.7999999999999998
0.20999999999999996 -0.79
0.2200000000000002 -0.7799999999999998
0.22999999999999998 -0.77
0.2400000000000002 -0.7599999999999998
0.25 -0.75
0.26000000000000023 -0.7399999999999998
0.27 -0.73
0.28000000000000025 -0.7199999999999998
0.29000000000000004 -0.71
0.30000000000000027 -0.6999999999999997
0.31000000000000005 -0.69
0.3200000000000003 -0.6799999999999997
0.33000000000000007 -0.6699999999999999
0.33999999999999986 -0.6600000000000001
0.3500000000000001 -0.6499999999999999
0.3599999999999999 -0.6400000000000001
0.3700000000000001 -0.6299999999999999
0.3799999999999999 -0.6200000000000001
0.3900000000000001 -0.6099999999999999
0.3999999999999999 -0.6000000000000001
0.41000000000000014 -0.5899999999999999
0.41999999999999993 -0.5800000000000001
0.43000000000000016 -0.5699999999999998
0.43999999999999995 -0.56
0.4500000000000002 -0.5499999999999998
0.45999999999999996 -0.54
0.4700000000000002 -0.5299999999999998
0.48 -0.52
0.4900000000000002 -0.5099999999999998
0.5 -0.5
0.5100000000000002 -0.48999999999999977
0.52 -0.48
0.5300000000000002 -0.46999999999999975
0.54 -0.45999999999999996
0.5500000000000003 -0.44999999999999973
0.56 -0.43999999999999995
0.5700000000000003 -0.4299999999999997
0.5800000000000001 -0.41999999999999993
0.5899999999999999 -0.41000000000000014
0.6000000000000001 -0.3999999999999999
0.6099999999999999 -0.3900000000000001
0.6200000000000001 -0.3799999999999999
0.6299999999999999 -0.3700000000000001
0.6400000000000001 -0.3599999999999999
0.6499999999999999 -0.3500000000000001
0.6600000000000001 -0.33999999999999986
0.6699999999999999 -0.33000000000000007
0.6800000000000002 -0.31999999999999984
0.69 -0.31000000000000005
0.7000000000000002 -0.2999999999999998
0.71 -0.29000000000000004
0.7200000000000002 -0.2799999999999998
0.73 -0.27
0.7400000000000002 -0.2599999999999998
0.75 -0.25
0.7600000000000002 -0.23999999999999977
0.77 -0.22999999999999998
0.7800000000000002 -0.21999999999999975
0.79 -0.20999999999999996
0.8000000000000003 -0.19999999999999973
0.81 -0.18999999999999995
0.8200000000000003 -0.17999999999999972
0.8300000000000001 -0.16999999999999993
0.8399999999999999 -0.16000000000000014
0.8500000000000001 -0.1499999999999999
0.8599999999999999 -0.14000000000000012
0.8700000000000001 -0.1299999999999999
0.8799999999999999 -0.1200000000000001
0.8900000000000001 -0.10999999999999988
0.8999999999999999 -0.10000000000000009
0.9100000000000001 -0.08999999999999986
0.9199999999999999 -0.08000000000000007
0.9300000000000002 -0.06999999999999984
0.94 -0.06000000000000005
0.9500000000000002 -0.04999999999999982
0.96 -0.040000000000000036
0.9700000000000002 -0.029999999999999805
0.98 -0.020000000000000018
0.9900000000000002 -0.009999999999999787
1.0 0.0
1.0099999999999998 0.009999999999999787
1.0200000000000005 0.020000000000000462
1.0300000000000002 0.03000000000000025
1.04 0.040000000000000036
1.0499999999999998 0.04999999999999982
1.0600000000000005 0.0600000000000005
1.0700000000000003 0.07000000000000028
1.08 0.08000000000000007
1.0899999999999999 0.08999999999999986
1.0999999999999996 0.09999999999999964
1.1100000000000003 0.11000000000000032
1.12 0.1200000000000001
1.13 0.1299999999999999
1.1399999999999997 0.13999999999999968
1.1500000000000004 0.15000000000000036
1.1600000000000001 0.16000000000000014
1.17 0.16999999999999993
1.1799999999999997 0.17999999999999972
1.1900000000000004 0.1900000000000004
1.2000000000000002 0.20000000000000018
1.21 0.20999999999999996
1.2199999999999998 0.21999999999999975
1.2300000000000004 0.23000000000000043
1.2400000000000002 0.2400000000000002
1.25 0.25
1.2599999999999998 0.2599999999999998
1.2700000000000005 0.27000000000000046
1.2800000000000002 0.28000000000000025
1.29 0.29000000000000004
1.2999999999999998 0.2999999999999998
1.3100000000000005 0.3100000000000005
1.3200000000000003 0.3200000000000003
1.33 0.33000000000000007
1.3399999999999999 0.33999999999999986
1.3500000000000005 0.35000000000000053
1.3600000000000003 0.3600000000000003
1.37 0.3700000000000001
1.38 0.3799999999999999
1.3899999999999997 0.3899999999999997
1.4000000000000004 0.40000000000000036
1.4100000000000001 0.41000000000000014
1.42 0.41999999999999993
1.4299999999999997 0.4299999999999997
1.4400000000000004 0.4400000000000004
1.4500000000000002 0.4500000000000002
1.46 0.45999999999999996
1.4699999999999998 0.46999999999999975
1.4800000000000004 0.4800000000000004
1.4900000000000002 0.4900000000000002
1.5 0.5
1.5099999999999998 0.5099999999999998
1.5200000000000005 0.5200000000000005
1.5300000000000002 0.5300000000000002
1.54 0.54
1.5499999999999998 0.5499999999999998
1.5600000000000005 0.5600000000000005
1.5700000000000003 0.5700000000000003
1.58 0.5800000000000001
1.5899999999999999 0.5899999999999999
1.6000000000000005 0.6000000000000005
1.6100000000000003 0.6100000000000003
1.62 0.6200000000000001
1.63 0.6299999999999999
1.6399999999999997 0.6399999999999997
1.6500000000000004 0.6500000000000004
1.6600000000000001 0.6600000000000001
1.67 0.6699999999999999
1.6799999999999997 0.6799999999999997
1.6900000000000004 0.6900000000000004
1.7000000000000002 0.7000000000000002
1.71 0.71
1.7199999999999998 0.7199999999999998
1.7300000000000004 0.7300000000000004
1.7400000000000002 0.7400000000000002
1.75 0.75
1.7599999999999998 0.7599999999999998
1.7700000000000005 0.7700000000000005
1.7800000000000002 0.7800000000000002
1.79 0.79
1.7999999999999998 0.7999999999999998
1.8100000000000005 0.8100000000000005
1.8200000000000003 0.8200000000000003
1.83 0.8300000000000001
1.8399999999999999 0.8399999999999999
1.8500000000000005 0.8500000000000005
1.8600000000000003 0.8600000000000003
1.87 0.8700000000000001
1.88 0.8799999999999999
1.8899999999999997 0.8899999999999997
1.9000000000000004 0.9000000000000004
1.9100000000000001 0.9100000000000001
1.92 0.9199999999999999
1.9299999999999997 0.9299999999999997
1.9400000000000004 0.9400000000000004
1.9500000000000002 0.9500000000000002
1.96 0.96
1.9699999999999998 0.9699999999999998
1.9800000000000004 0.9800000000000004
1.9900000000000002 0.9900000000000002
2.0 1.0
2.01 1.0099999999999998
2.0200000000000005 1.0200000000000005
2.0300000000000002 1.0300000000000002
2.04 1.04
2.05 1.0499999999999998
2.0600000000000005 1.0600000000000005
2.0700000000000003 1.0700000000000003
2.08 1.08
2.09 1.0899999999999999
2.1000000000000005 1.1000000000000005
2.1100000000000003 1.1100000000000003
2.12 1.12
2.13 1.13
2.1399999999999997 1.1399999999999997
2.1500000000000004 1.1500000000000004
2.16 1.1600000000000001
2.17 1.17
2.1799999999999997 1.1799999999999997
2.1900000000000004 1.1900000000000004
2.2 1.2000000000000002
2.21 1.21
2.2199999999999998 1.2199999999999998
2.2300000000000004 1.2300000000000004
2.24 1.2400000000000002
2.25 1.25
2.26 1.2599999999999998
2.2700000000000005 1.2700000000000005
2.2800000000000002 1.2800000000000002
2.29 1.29
2.3 1.2999999999999998
2.3100000000000005 1.3100000000000005
2.3200000000000003 1.3200000000000003
2.33 1.33
2.34 1.3399999999999999
2.3500000000000005 1.3500000000000005
2.3600000000000003 1.3600000000000003
2.37 1.37
2.38 1.38
2.3899999999999997 1.3899999999999997
2.4000000000000004 1.4000000000000004
2.41 1.4100000000000001
2.42 1.42
2.4299999999999997 1.4299999999999997
2.4400000000000004 1.4400000000000004
2.45 1.4500000000000002
2.46 1.46
2.4699999999999998 1.4699999999999998
2.4800000000000004 1.4800000000000004
2.49 1.4900000000000002
2.5 1.5
2.51 1.5099999999999998
2.5200000000000005 1.5200000000000005
2.5300000000000002 1.5300000000000002
2.54 1.54
2.55 1.5499999999999998
2.5600000000000005 1.5600000000000005
2.5700000000000003 1.5700000000000003
2.58 1.58
2.59 1.5899999999999999
2.6000000000000005 1.6000000000000005
2.6100000000000003 1.6100000000000003
2.62 1.62
2.63 1.63
2.6399999999999997 1.6399999999999997
2.6500000000000004 1.6500000000000004
2.66 1.6600000000000001
2.67 1.67
2.6799999999999997 1.6799999999999997
2.6900000000000004 1.6900000000000004
2.7 1.7000000000000002
2.71 1.71
2.7199999999999998 1.7199999999999998
2.7300000000000004 1.7300000000000004
2.74 1.7400000000000002
2.75 1.75
2.76 1.7599999999999998
2.7700000000000005 1.7700000000000005
2.7800000000000002 1.7800000000000002
2.79 1.79
2.8 1.7999999999999998
2.8100000000000005 1.8100000000000005
2.8200000000000003 1.8200000000000003
2.83 1.83
2.84 1.8399999999999999
2.8500000000000005 1.8500000000000005
2.8600000000000003 1.8600000000000003
2.87 1.87
2.88 1.88
2.8899999999999997 1.8899999999999997
2.9000000000000004 1.9000000000000004
2.91 1.9100000000000001
2.92 1.92
2.9299999999999997 1.9299999999999997
2.9400000000000004 1.9400000000000004
2.95 1.9500000000000002
2.96 1.96
2.9699999999999998 1.9699999999999998
2.9800000000000004 1.9800000000000004
2.99 1.9900000000000002
3.0 2.0
