0.0 1.0
0.01 0.9999494425750498
0.02 0.9997978952999534
0.03 0.9995455456743416
0.04 0.9991925811978452
0.05 0.9987391893700953
0.06 0.9981855576907224
0.07 0.9975318736593574
0.08 0.9967783247756313
0.09 0.9959250985391752
0.1 0.9949723824496194
0.11 0.9939203640065953
0.12 0.9927692307097333
0.13 0.9915191700586646
0.14 0.9901703695530202
0.15 0.9887230166924303
0.16 0.9871772989765265
0.17 0.9855334039049393
0.18 0.9837915189772994
0.19 0.9819518316932381
0.2 0.9800145295523859
0.21 0.9779798000543737
0.22 0.9758478306988325
0.23 0.9736188089853933
0.24 0.9712929224136867
0.25 0.9688703584833436
0.26 0.9663513046939948
0.27 0.9637359485452714
0.28 0.9610244775368041
0.29 0.9582170791682237
0.3 0.9553139409391613
0.31 0.9523152503492475
0.32 0.9492211948981133
0.33 0.9460319620853895
0.34 0.9427477394107072
0.35000000000000003 0.9393687143736967
0.36 0.9358950744739896
0.37 0.9323270072112161
