-3.0 -0.9899924966004452
-2.99 -0.9884322893421207
-2.98 -0.9867735084328315
-2.97 -0.9850165794712736
-2.96 -0.9831619280561423
-2.95 -0.9812099797861339
-2.94 -0.9791611602599435
-2.93 -0.9770158950762667
-2.92 -0.9747746098337993
-2.91 -0.9724377301312372
-2.9 -0.9700056815672756
-2.89 -0.9674788897406105
-2.88 -0.9648577802499373
-2.87 -0.9621427786939516
-2.86 -0.9593343106713492
-2.85 -0.9564328017808257
-2.84 -0.9534386776210767
-2.83 -0.9503523637907979
-2.82 -0.9471742858886848
-2.81 -0.943904869513433
-2.8 -0.9405445402637383
-2.79 -0.9370937237382965
-2.78 -0.933552845535803
-2.77 -0.9299223312549536
-2.76 -0.9262026064944432
-2.75 -0.9223940968529686
-2.74 -0.9184972279292248
-2.73 -0.9145124253219074
-2.7199999999999998 -0.910440114629712
-2.71 -0.9062807214513346
-2.7 -0.9020346713854708
-2.69 -0.8977023900308158
-2.68 -0.8932843029860655
-2.67 -0.8887808358499156
-2.66 -0.8841924142210618
-2.65 -0.8795194636981992
-2.64 -0.8747624098800243
-2.63 -0.869921678365232
-2.62 -0.8649976947525183
-2.61 -0.8599908846405788
-2.6 -0.8549016736281091
-2.59 -0.8497304873138047
-2.58 -0.8444777512963617
-2.57 -0.8391438911744751
-2.56 -0.833729332546841
-2.55 -0.8282345010121548
-2.54 -0.8226598221691123
-2.53 -0.8170057216164088
-2.52 -0.8112726249527406
-2.51 -0.8054609577768024
-2.5 -0.7995711456872908
-2.49 -0.7936036142829012
-2.48 -0.7875587891623285
-2.4699999999999998 -0.781437095924269
-2.46 -0.7752389601674183
-2.45 -0.7689648074904721
-2.44 -0.7626150634921256
-2.4299999999999997 -0.7561901537710748
-2.42 -0.7496905039260154
-2.41 -0.7431165395556429
-2.4 -0.7364686862586527
-2.39 -0.729747369633741
-2.38 -0.7229530152796029
-2.37 -0.7160860487949342
-2.36 -0.7091468957784306
-2.35 -0.7021359818287878
-2.34 -0.6950537325447013
-2.33 -0.6879005735248669
-2.32 -0.6806769303679799
-2.31 -0.6733832286727365
-2.3 -0.6660198940378316
-2.29 -0.6585873520619616
-2.2800000000000002 -0.6510860283438217
-2.27 -0.6435163484821075
-2.26 -0.6358787380755145
-2.25 -0.6281736227227391
