0.375 -0.625
0.385 -0.6124428736190088
0.395 -0.6001248989270931
0.405 -0.5880377067545306
0.415 -0.5761729279315985
0.425 -0.5645221932885749
0.435 -0.5530771336557369
0.445 -0.5418293798633623
0.455 -0.5307705627417287
0.46499999999999997 -0.519892313121114
0.475 -0.5091862618317952
0.485 -0.49864403970405013
0.495 -0.48825727756815646
0.505 -0.4780176062543917
0.515 -0.4679166565930335
0.525 -0.45794605941435934
0.535 -0.4480974455486469
0.545 -0.43836244582617373
0.5549999999999999 -0.42873269107721745
0.565 -0.41919981213205554
0.575 -0.40975543982096574
0.585 -0.4003912049742255
0.595 -0.39109873842211246
0.605 -0.38186967099490415
0.615 -0.37269563352287827
0.625 -0.36356825683631233
0.635 -0.3544791717654839
0.645 -0.34542000914067067
0.655 -0.3363823997921501
0.665 -0.3273579745501999
0.675 -0.3183383642450975
0.685 -0.30931519970712057
0.6950000000000001 -0.30028011176654673
0.7050000000000001 -0.2912247312536535
0.7150000000000001 -0.2821406889987186
0.7250000000000001 -0.27301961583201945
0.735 -0.26385314258383374
0.745 -0.254632900084439
