-1.875 0.8749999999999999
-1.865 0.8649855718174464
-1.855 0.8549700291816501
-1.845 0.8449535330817877
-1.835 0.8349362445070356
-1.825 0.8249183244465702
-1.815 0.8148999338895679
-1.805 0.8048812338252054
-1.795 0.7948623852426587
-1.785 0.7848435491311048
-1.775 0.7748248864797197
-1.765 0.7648065582776802
-1.755 0.7547887255141625
-1.745 0.7447715491783437
-1.7349999999999999 0.7347551902593988
-1.725 0.7247398097465059
-1.715 0.7147255686288404
-1.705 0.7047126278955792
-1.695 0.6947011485358985
-1.685 0.6846912915389749
-1.675 0.6746832178939848
-1.665 0.6646770885901047
-1.655 0.6546730646165111
-1.645 0.6446713069623803
-1.635 0.634671976616889
-1.625 0.6246752345692135
-1.615 0.6146812418085301
-1.605 0.6046901593240155
-1.595 0.594702148104846
-1.585 0.5847173691401983
-1.575 0.5747359834192486
-1.565 0.5647581519311733
-1.555 0.554784035665149
-1.545 0.5448137956103523
-1.535 0.5348475927559594
-1.525 0.5248855880911468
-1.5150000000000001 0.5149279426050913
-1.505 0.5049748172869686
