0.375 0.9305076219123143
0.385 0.9267983233185212
0.395 0.9229954150213683
0.405 0.9190994334311157
0.415 0.9151109149580235
0.425 0.9110303960123517
0.435 0.9068584130043608
0.445 0.9025955023443102
0.455 0.8982422004424603
0.46499999999999997 0.8937990437090713
0.475 0.8892665685544032
0.485 0.8846453113887158
0.495 0.8799358086222697
0.505 0.8751385966653245
0.515 0.8702542119281405
0.525 0.8652831908209776
0.535 0.8602260697540962
0.545 0.855083385137756
0.5549999999999999 0.8498556733822176
0.565 0.8445434708977403
0.575 0.8391473140945848
0.585 0.833667739383011
0.595 0.8281052831732789
0.605 0.8224604818756487
0.615 0.8167338719003804
0.625 0.8109259896577339
0.635 0.8050373715579696
0.645 0.7990685540113476
0.655 0.7930200734281275
0.665 0.7868924662185697
0.675 0.7806862687929345
0.685 0.7744020175614816
0.6950000000000001 0.7680402489344712
0.7050000000000001 0.7616014993221633
0.7150000000000001 0.7550863051348181
0.7250000000000001 0.7484952027826958
0.735 0.7418287286760562
0.745 0.7350874192251594
