-2.625 -0.8695071814659844
-2.615 -0.864527877928234
-2.605 -0.8594609494077043
-2.595 -0.8543070575964211
-2.585 -0.8490668641864091
-2.575 -0.8437410308696943
-2.565 -0.8383302193383015
-2.555 -0.8328350912842569
-2.545 -0.827256308399585
-2.535 -0.8215945323763121
-2.525 -0.8158504249064628
-2.515 -0.8100246476820631
-2.505 -0.8041178623951377
-2.495 -0.7981307307377129
-2.485 -0.7920639144018133
-2.475 -0.785918075079465
-2.465 -0.7796938744626928
-2.455 -0.7733919742435225
-2.445 -0.767013036113979
-2.435 -0.7605577217660883
-2.425 -0.7540266928918754
-2.415 -0.747420611183366
-2.405 -0.740740138332585
-2.395 -0.7339859360315585
-2.385 -0.7271586659723112
-2.375 -0.7202589898468691
-2.365 -0.7132875693472573
-2.355 -0.706245066165501
-2.3449999999999998 -0.6991321419936257
-2.335 -0.6919494585236573
-2.325 -0.6846976774476209
-2.315 -0.6773774604575414
-2.305 -0.6699894692454449
-2.295 -0.6625343655033562
-2.285 -0.6550128109233013
-2.275 -0.647425467197305
-2.265 -0.6397729960173933
-2.255 -0.6320560590755911
