2.25 -0.6281736227227391
2.26 -0.6359225444109768
2.27 -0.643607331183337
2.28 -0.6512273213477939
2.29 -0.658781853212323
2.3 -0.6662702650848977
2.31 -0.6736918952734936
2.32 -0.6810460820860846
2.33 -0.6883321638306461
2.34 -0.6955494788151517
2.35 -0.7026973653475769
2.36 -0.7097751617358954
2.37 -0.716782206288083
2.38 -0.723717837312113
2.39 -0.730581393115961
2.4 -0.737372212007601
2.41 -0.744089632295008
2.42 -0.7507329922861563
2.43 -0.7573016302890208
2.44 -0.7637948846115755
2.45 -0.7702120935617959
2.46 -0.7765525954476558
2.47 -0.7828157285771303
2.48 -0.7890008312581938
2.49 -0.7951072417988211
2.5 -0.8011342985069863
2.51 -0.8070813396906644
2.52 -0.8129477036578301
2.5300000000000002 -0.8187327287164581
2.54 -0.8244357531745222
2.55 -0.8300561153399977
2.56 -0.8355931535208592
2.57 -0.841046206025081
2.58 -0.846414611160638
2.59 -0.8516977072355044
2.6 -0.8568948325576554
2.61 -0.862005325435065
2.62 -0.8670285241757082
