2.25 -0.6281736227227391
2.26 -0.6358787380755146
2.27 -0.6435163484821076
2.28 -0.6510860283438215
2.29 -0.6585873520619615
2.3 -0.6660198940378317
2.31 -0.6733832286727365
2.32 -0.6806769303679799
2.33 -0.687900573524867
2.34 -0.6950537325447013
2.35 -0.702135981828788
2.36 -0.7091468957784306
2.37 -0.7160860487949343
2.38 -0.7229530152796028
2.39 -0.729747369633741
2.4 -0.7364686862586527
2.41 -0.7431165395556429
2.42 -0.7496905039260153
2.43 -0.756190153771075
2.44 -0.7626150634921256
2.45 -0.7689648074904721
2.46 -0.7752389601674183
2.47 -0.7814370959242692
2.48 -0.7875587891623285
2.49 -0.7936036142829012
2.5 -0.7995711456872909
2.51 -0.8054609577768025
2.52 -0.8112726249527406
2.5300000000000002 -0.8170057216164092
2.54 -0.8226598221691123
2.55 -0.8282345010121547
2.56 -0.8337293325468411
2.57 -0.8391438911744751
2.58 -0.8444777512963617
2.59 -0.8497304873138047
2.6 -0.8549016736281092
2.61 -0.8599908846405788
2.62 -0.8649976947525185
2.63 -0.8699216783652319
2.64 -0.8747624098800243
2.65 -0.8795194636981993
2.66 -0.8841924142210618
2.67 -0.8887808358499155
2.68 -0.8932843029860656
2.69 -0.8977023900308158
2.7 -0.9020346713854708
2.71 -0.9062807214513346
2.72 -0.9104401146297122
2.73 -0.9145124253219074
2.74 -0.9184972279292248
2.75 -0.9223940968529687
2.76 -0.9262026064944434
2.77 -0.9299223312549534
2.7800000000000002 -0.9335528455358031
2.79 -0.9370937237382967
2.8 -0.9405445402637386
2.81 -0.9439048695134331
2.8200000000000003 -0.9471742858886848
2.83 -0.950352363790798
2.84 -0.9534386776210767
2.85 -0.9564328017808259
2.86 -0.9593343106713493
2.87 -0.9621427786939517
2.88 -0.9648577802499373
2.89 -0.9674788897406106
2.9 -0.9700056815672757
2.91 -0.9724377301312372
2.92 -0.9747746098337995
2.93 -0.9770158950762667
2.94 -0.9791611602599434
2.95 -0.9812099797861339
2.96 -0.9831619280561424
2.9699999999999998 -0.9850165794712735
2.98 -0.9867735084328314
2.99 -0.9884322893421207
3.0 -0.9899924966004454
