-1.5 0.07073720166770302
-1.49 0.08069667833673928
-1.48 0.09064748565133773
-1.47 0.100588706149456
-1.46 0.1105194223690518
-1.45 0.12043871684808287
-1.44 0.1303456721245068
-1.43 0.14023937073628137
-1.42 0.15011889522136423
-1.41 0.15998332811771315
-1.4 0.1698317519632857
-1.39 0.1796632492960397
-1.38 0.18947690265393283
-1.37 0.19927179457492256
-1.3599999999999999 0.20904700759696715
-1.35 0.21880162425802355
-1.34 0.22853472709605
-1.33 0.2382453986490041
-1.32 0.24793272145484346
-1.31 0.2575957780515258
-1.3 0.2672336509770088
-1.29 0.2768454227692502
-1.28 0.2864301759662077
-1.27 0.29598699310583887
-1.26 0.30551495672610157
-1.25 0.3150131493649534
-1.24 0.3244806535603521
-1.23 0.3339165518502553
-1.22 0.34331992677262085
-1.21 0.3526898608654063
-1.2 0.36202543666656933
-1.19 0.3713257367140678
-1.18 0.3805898435458593
-1.17 0.3898168396999015
-1.16 0.3990058077141521
-1.15 0.40815583012656886
-1.1400000000000001 0.41726598947510923
-1.13 0.4263353682977315
-1.12 0.43536304913239265
-1.1099999999999999 0.44434811451705114
-1.1 0.45328964698966373
-1.0899999999999999 0.4621867290881891
-1.08 0.47103844335058404
-1.07 0.47984387231480685
-1.06 0.48860209851881514
-1.05 0.49731220450056646
-1.04 0.5059732727980186
-1.03 0.5145843859491293
-1.02 0.5231446264918559
-1.01 0.5316530769641568
-1.0 0.5401088199039891
-0.99 0.5485109378493106
-0.98 0.556858513338079
-0.97 0.5651506289082522
-0.96 0.5733863670977878
-0.95 0.5815648104446434
-0.94 0.5896850414867767
-0.9299999999999999 0.5977461427621455
-0.92 0.6057471968087074
-0.91 0.6136872861644203
-0.9 0.6215654933672415
-0.89 0.6293809009551291
-0.88 0.6371325914660405
-0.87 0.6448196474379339
-0.86 0.6524411514087665
-0.85 0.6599961859164959
-0.84 0.66748383349908
-0.83 0.6749031766944767
-0.82 0.6822532980406435
-0.8099999999999999 0.6895332800755383
-0.7999999999999999 0.6967422053371183
-0.79 0.7038791563633416
-0.78 0.7109432156921659
-0.77 0.7179334658615487
-0.76 0.7248489894094479
-0.75 0.7316888688738209
