-3.0 -0.9899924966004456
-2.99 -0.987749002908509
-2.98 -0.985407189305497
-2.97 -0.9829677351299946
-2.96 -0.9804313197205858
-2.95 -0.977798622415857
-2.94 -0.9750703225543915
-2.93 -0.9722470994747748
-2.92 -0.9693296325155916
-2.91 -0.9663186010154265
-2.9 -0.9632146843128644
-2.89 -0.96001856174649
-2.88 -0.956730912654888
-2.87 -0.9533524163766434
-2.86 -0.9498837522503408
-2.85 -0.9463255996145652
-2.84 -0.9426786378079012
-2.83 -0.9389435461689335
-2.82 -0.9351210040362472
-2.81 -0.9312116907484268
-2.8 -0.927216285644057
-2.79 -0.923135468061723
-2.78 -0.918969917340009
-2.77 -0.9147203128175001
-2.76 -0.9103873338327814
-2.75 -0.9059716597244369
-2.74 -0.9014739698310521
-2.73 -0.8968949434912116
-2.7199999999999998 -0.8922352600434998
-2.71 -0.8874955988265021
-2.7 -0.8826766391788028
-2.69 -0.8777790604389866
-2.68 -0.8728035419456388
-2.67 -0.8677507630373436
-2.66 -0.862621403052686
-2.65 -0.8574161413302511
-2.64 -0.8521356572086234
-2.63 -0.8467806300263874
-2.62 -0.8413517391221284
-2.61 -0.8358496638344306
-2.6 -0.8302750835018797
-2.59 -0.8246286774630593
-2.58 -0.8189111250565553
-2.57 -0.8131231056209517
-2.56 -0.8072652984948336
-2.55 -0.8013383830167857
-2.54 -0.7953430385253929
-2.53 -0.7892799443592396
-2.52 -0.7831497798569111
-2.51 -0.7769532243569919
-2.5 -0.7706909571980669
-2.49 -0.7643636577187207
-2.48 -0.757972005257538
-2.4699999999999998 -0.7515166791531036
-2.46 -0.7449983587440029
-2.45 -0.7384177233688203
-2.44 -0.73177545236614
-2.4299999999999997 -0.725072225074547
-2.42 -0.7183087208326271
-2.41 -0.7114856189789642
-2.4 -0.7046035988521427
-2.39 -0.6976633397907482
-2.38 -0.6906655211333651
-2.37 -0.6836108222185784
-2.36 -0.6764999223849725
-2.35 -0.6693335009711325
-2.34 -0.6621122373156427
-2.33 -0.6548368107570889
-2.32 -0.6475079006340546
-2.31 -0.6401261862851256
-2.3 -0.632692347048886
-2.29 -0.6252070622639212
-2.2800000000000002 -0.6176710112688155
-2.27 -0.6100848734021538
-2.26 -0.6024493280025207
-2.25 -0.5947650544085015
-2.24 -0.5870327319586806
-2.23 -0.5792530399916426
-2.2199999999999998 -0.5714266578459725
-2.21 -0.5635542648602554
-2.2 -0.5556365403730757
-2.19 -0.5476741637230179
-2.1799999999999997 -0.5396678142486673
-2.17 -0.5316181712886088
-2.16 -0.5235259141814268
-2.15 -0.5153917222657058
-2.14 -0.5072162748800313
-2.13 -0.4990002513629875
-2.12 -0.4907443310531596
-2.11 -0.48244919328913183
-2.1 -0.4741155174094898
-2.09 -0.46574398275281736
-2.08 -0.4573352686577
-2.07 -0.448890054462722
-2.06 -0.44040901950646877
-2.05 -0.43189284312752424
-2.04 -0.4233422046644739
-2.0300000000000002 -0.4147577834559025
-2.02 -0.40614025884039406
-2.01 -0.3974903101565339
-2.0 -0.3888086167429072
-1.99 -0.3800958579380981
-1.98 -0.37135271308069157
-1.97 -0.36257986150927246
-1.96 -0.3537779825624255
-1.95 -0.34494775557873547
-1.94 -0.33608985989678714
-1.93 -0.3272049748551653
-1.92 -0.31829377979245477
-1.91 -0.30935695404724023
-1.9 -0.3003951769581066
-1.89 -0.29140912786363854
-1.88 -0.28239948610242077
-1.8699999999999999 -0.2733669310130383
-1.8599999999999999 -0.26431214193407565
-1.8499999999999999 -0.2552357982041178
-1.84 -0.24613857916174964
-1.83 -0.23702116414555552
-1.82 -0.22788423249412051
-1.81 -0.21872846354602932
-1.8 -0.20955453663986673
-1.79 -0.20036313111421752
-1.78 -0.1911549263076665
-1.77 -0.18193060155879845
-1.76 -0.17269083620619813
-1.75 -0.16343630958845032
-1.74 -0.15416770104413974
-1.73 -0.14488568991185127
-1.72 -0.13559095553016962
-1.71 -0.12628417723767962
-1.7 -0.116966034372966
-1.69 -0.10763720627461355
-1.68 -0.09829837228120708
-1.67 -0.08895021173133133
-1.66 -0.0795934039635711
-1.65 -0.07022862831651118
-1.64 -0.06085656412873631
-1.63 -0.0514778907388313
-1.6199999999999999 -0.04209328748538092
-1.6099999999999999 -0.03270343370696996
-1.5999999999999999 -0.02330900874218317
-1.59 -0.01391069192960556
-1.58 -0.004509162607821482
-1.57 0.004894899884584072
-1.56 0.014300816209026325
-1.55 0.023707907026920497
-1.54 0.033115492999681806
-1.53 0.04252289478872549
-1.52 0.051929433055466746
-1.51 0.06133442846132081
-1.5 0.0707372016677029
