-3.0 2.0
-2.99 1.9850000555555558
-2.98 1.9700004444444446
-2.97 1.9550015000000007
-2.96 1.9400035555555555
-2.95 1.9250069444444446
-2.94 1.9100119999999998
-2.93 1.895019055555556
-2.92 1.8800284444444442
-2.91 1.8650405000000008
-2.9 1.8500555555555558
-2.89 1.8350739444444442
-2.88 1.820096
-2.87 1.8051220555555556
-2.86 1.790152444444444
-2.85 1.7751875000000004
-2.84 1.7602275555555558
-2.83 1.7452729444444448
-2.82 1.7303239999999998
-2.81 1.7153810555555558
-2.8 1.7004444444444442
-2.79 1.6855145000000002
-2.78 1.6705915555555555
-2.77 1.6556759444444447
-2.76 1.6407679999999996
-2.75 1.6258680555555558
-2.74 1.6109764444444445
-2.73 1.5960935
-2.7199999999999998 1.5812195555555553
-2.71 1.5663549444444445
-2.7 1.5515000000000003
-2.69 1.5366550555555554
-2.68 1.521820444444445
-2.67 1.5069965
-2.66 1.4921835555555556
-2.65 1.4773819444444447
-2.64 1.4625920000000001
-2.63 1.4478140555555552
-2.62 1.4330484444444447
-2.61 1.4182954999999997
-2.6 1.403555555555556
-2.59 1.3888289444444442
-2.58 1.3741160000000003
-2.57 1.3594170555555554
-2.56 1.3447324444444444
-2.55 1.3300625
-2.54 1.3154075555555556
-2.53 1.3007679444444442
-2.52 1.2861440000000004
-2.51 1.2715360555555553
-2.5 1.2569444444444444
-2.49 1.2423695000000001
-2.48 1.2278115555555558
-2.4699999999999998 1.213270944444444
-2.46 1.1987479999999997
-2.45 1.184243055555556
-2.44 1.1697564444444444
-2.4299999999999997 1.1552884999999997
-2.42 1.1408395555555555
-2.41 1.1264099444444446
-2.4 1.1119999999999999
-2.39 1.0976100555555557
-2.38 1.0832404444444443
-2.37 1.0688915
-2.36 1.0545635555555555
-2.35 1.0402569444444447
-2.34 1.0259719999999999
-2.33 1.011709055555556
-2.32 0.9974684444444444
-2.31 0.9832505
-2.3 0.9690555555555552
-2.29 0.9548839444444447
-2.2800000000000002 0.9407360000000005
-2.27 0.9266120555555554
-2.26 0.9125124444444441
-2.25 0.8984375
-2.24 0.8843875555555558
-2.23 0.8703629444444445
-2.2199999999999998 0.8563639999999997
-2.21 0.8423910555555557
-2.2 0.8284444444444446
-2.19 0.8145245000000001
-2.1799999999999997 0.8006315555555552
-2.17 0.7867659444444445
-2.16 0.7729280000000002
-2.15 0.7591180555555554
-2.14 0.7453364444444445
-2.13 0.7315834999999998
-2.12 0.7178595555555558
-2.11 0.7041649444444444
-2.1 0.6905
-2.09 0.6768650555555553
-2.08 0.6632604444444448
-2.07 0.6496864999999998
-2.06 0.6361435555555555
-2.05 0.6226319444444444
-2.04 0.6091519999999999
-2.0300000000000002 0.5957040555555557
-2.02 0.5822884444444445
-2.01 0.5689054999999996
-2.0 0.5555555555555556
-1.99 0.5422389444444446
-1.98 0.528956
-1.97 0.5157070555555556
-1.96 0.5024924444444443
-1.95 0.4893125
-1.94 0.47616755555555557
-1.93 0.4630579444444444
-1.92 0.449984
-1.91 0.43694605555555555
-1.9 0.42394444444444446
-1.89 0.4109795
-1.88 0.3980515555555555
-1.8699999999999999 0.3851609444444444
-1.8599999999999999 0.3723079999999999
-1.8499999999999999 0.3594930555555554
-1.84 0.3467164444444445
-1.83 0.3339785000000002
-1.82 0.32127955555555565
-1.81 0.30861994444444446
-1.8 0.2960000000000001
-1.79 0.28342005555555555
-1.78 0.2708804444444445
-1.77 0.25838150000000015
-1.76 0.2459235555555555
-1.75 0.23350694444444448
-1.74 0.22113200000000005
-1.73 0.2087990555555556
-1.72 0.19650844444444432
-1.71 0.18426049999999988
-1.7 0.17205555555555546
-1.69 0.15989394444444427
-1.68 0.14777599999999985
-1.67 0.1357020555555556
-1.66 0.12367244444444436
-1.65 0.11168749999999991
-1.64 0.09974755555555537
-1.63 0.08785294444444444
-1.6199999999999999 0.0760039999999999
-1.6099999999999999 0.06420105555555533
-1.5999999999999999 0.05244444444444432
-1.59 0.04073450000000006
-1.58 0.02907155555555574
-1.57 0.017455944444444482
-1.56 0.005888000000000088
-1.55 -0.005631944444444287
-1.54 -0.017103555555555566
-1.53 -0.02852650000000001
-1.52 -0.03990044444444443
-1.51 -0.05122505555555554
-1.5 -0.0625
-1.49 -0.07372494444444444
-1.48 -0.08489955555555559
-1.47 -0.09602350000000007
-1.46 -0.10709644444444455
-1.45 -0.11811805555555552
-1.44 -0.12908800000000004
-1.43 -0.14000594444444456
-1.42 -0.15087155555555554
-1.41 -0.1616845000000001
-1.4 -0.17244444444444454
-1.39 -0.18315105555555564
-1.38 -0.19380400000000014
-1.3699999999999999 -0.2044029444444445
-1.3599999999999999 -0.21494755555555567
-1.3499999999999999 -0.22543750000000015
-1.3399999999999999 -0.23587244444444458
-1.33 -0.24625205555555552
-1.32 -0.2565759999999999
-1.31 -0.26684394444444437
-1.3 -0.2770555555555555
-1.29 -0.2872104999999999
-1.28 -0.29730844444444443
-1.27 -0.3073490555555556
-1.26 -0.31733199999999995
-1.25 -0.3272569444444444
-1.24 -0.3371235555555555
-1.23 -0.34693150000000006
-1.22 -0.35668044444444447
-1.21 -0.3663700555555556
-1.2 -0.376
-1.19 -0.3855699444444445
-1.18 -0.39507955555555563
-1.17 -0.40452850000000007
-1.16 -0.4139164444444445
-1.15 -0.42324305555555564
-1.14 -0.43250800000000006
-1.13 -0.4417109444444446
-1.1199999999999999 -0.45085155555555567
-1.1099999999999999 -0.4599295000000001
-1.0999999999999999 -0.46894444444444455
-1.0899999999999999 -0.4778960555555557
-1.08 -0.48678399999999994
-1.07 -0.49560794444444445
-1.06 -0.5043675555555555
-1.05 -0.5130625
-1.04 -0.5216924444444444
-1.03 -0.5302570555555556
-1.02 -0.538756
-1.01 -0.5471889444444444
-1.0 -0.5555555555555556
-0.9899999999999998 -0.5638555000000002
-0.98 -0.5720884444444445
-0.9699999999999998 -0.5802540555555558
-0.96 -0.588352
-0.9500000000000002 -0.5963819444444444
-0.94 -0.6043435555555556
-0.9300000000000002 -0.6122364999999999
-0.9199999999999999 -0.6200604444444445
-0.9100000000000001 -0.6278150555555554
-0.8999999999999999 -0.6355000000000001
-0.8900000000000001 -0.6431149444444444
-0.8799999999999999 -0.6506595555555555
-0.8700000000000001 -0.6581334999999998
-0.8599999999999999 -0.6655364444444445
-0.8500000000000001 -0.6728680555555555
-0.8399999999999999 -0.6801280000000001
-0.8300000000000001 -0.6873159444444444
-0.8199999999999998 -0.6944315555555557
-0.81 -0.7014744999999999
-0.7999999999999998 -0.7084444444444445
-0.79 -0.7153410555555555
-0.7799999999999998 -0.7221640000000001
-0.77 -0.7289129444444444
-0.7599999999999998 -0.7355875555555557
-0.75 -0.7421875
-0.7399999999999998 -0.7487124444444446
-0.73 -0.7551620555555556
-0.7199999999999998 -0.7615360000000001
-0.71 -0.7678339444444444
-0.6999999999999997 -0.7740555555555557
-0.69 -0.7802005
-0.6800000000000002 -0.7862684444444444
-0.6699999999999999 -0.7922590555555556
-0.6600000000000001 -0.7981719999999999
-0.6499999999999999 -0.8040069444444445
-0.6400000000000001 -0.8097635555555555
-0.6299999999999999 -0.8154415
-0.6200000000000001 -0.8210404444444445
-0.6099999999999999 -0.8265600555555556
-0.6000000000000001 -0.832
-0.5899999999999999 -0.8373599444444445
-0.5800000000000001 -0.8426395555555556
-0.5699999999999998 -0.8478385000000002
-0.56 -0.8529564444444444
-0.5499999999999998 -0.8579930555555557
-0.54 -0.8629479999999999
-0.5299999999999998 -0.8678209444444445
-0.52 -0.8726115555555556
-0.5099999999999998 -0.8773195000000001
-0.5 -0.8819444444444444
-0.48999999999999977 -0.8864860555555557
-0.48 -0.8909440000000001
-0.46999999999999975 -0.8953179444444445
-0.45999999999999996 -0.8996075555555556
-0.44999999999999973 -0.9038125000000001
-0.43999999999999995 -0.9079324444444444
-0.43000000000000016 -0.9119670555555556
-0.41999999999999993 -0.9159160000000001
-0.41000000000000014 -0.9197789444444444
-0.3999999999999999 -0.9235555555555556
-0.3900000000000001 -0.9272455
-0.3799999999999999 -0.9308484444444445
-0.3700000000000001 -0.9343640555555556
-0.3599999999999999 -0.9377920000000001
-0.3500000000000001 -0.9411319444444444
-0.33999999999999986 -0.9443835555555556
-0.33000000000000007 -0.9475465
-0.31999999999999984 -0.9506204444444445
-0.31000000000000005 -0.9536050555555555
-0.2999999999999998 -0.9565
-0.29000000000000004 -0.9593049444444444
-0.2799999999999998 -0.9620195555555556
-0.27 -0.9646435
-0.2599999999999998 -0.9671764444444445
-0.25 -0.9696180555555556
-0.23999999999999977 -0.971968
-0.22999999999999998 -0.9742259444444444
-0.21999999999999975 -0.9763915555555556
-0.20999999999999996 -0.9784645
-0.19999999999999973 -0.9804444444444446
-0.18999999999999995 -0.9823310555555556
-0.18000000000000016 -0.984124
-0.16999999999999993 -0.9858229444444445
-0.16000000000000014 -0.9874275555555555
-0.1499999999999999 -0.9889375
-0.14000000000000012 -0.9903524444444444
-0.1299999999999999 -0.9916720555555556
-0.1200000000000001 -0.992896
-0.10999999999999988 -0.9940239444444444
-0.10000000000000009 -0.9950555555555556
-0.08999999999999986 -0.9959905
-0.08000000000000007 -0.9968284444444445
-0.06999999999999984 -0.9975690555555556
-0.06000000000000005 -0.998212
-0.04999999999999982 -0.9987569444444445
-0.040000000000000036 -0.9992035555555555
-0.029999999999999805 -0.9995515
-0.020000000000000018 -0.9998004444444445
-0.009999999999999787 -0.9999500555555556
0.0 -1.0
