1.5 0.5000000000000001
1.51 0.5092947537227951
1.52 0.5186219473081329
1.53 0.5279810309278352
1.54 0.5373714547537228
1.55 0.5467926689576176
1.56 0.5562441237113402
1.57 0.5657252691867126
1.58 0.5752355555555556
1.59 0.5847744329896908
1.6 0.5943413516609394
1.61 0.6039357617411227
1.62 0.613557113402062
1.63 0.6232048568155785
1.6400000000000001 0.6328784421534938
1.65 0.6425773195876288
1.66 0.6523009392898053
1.67 0.6620487514318443
1.68 0.671820206185567
1.69 0.6816147537227949
1.7 0.6914318442153494
1.71 0.7012709278350515
1.72 0.7111314547537229
1.73 0.7210128751431845
1.74 0.7309146391752577
1.75 0.7408361970217641
1.76 0.7507769988545248
1.77 0.7607364948453609
1.78 0.770714135166094
1.79 0.7807093699885452
1.8 0.7907216494845362
1.81 0.8007504238258879
1.82 0.8107951431844216
1.83 0.8208552577319589
1.84 0.8309302176403208
1.85 0.841019473081329
1.8599999999999999 0.8511224742268041
1.87 0.8612386712485682
1.88 0.8713675143184421
1.8900000000000001 0.8815084536082475
1.9 0.8916609392898053
1.9100000000000001 0.9018244215349371
1.92 0.9119983505154639
1.93 0.9221821764032073
1.94 0.9323753493699884
1.95 0.9425773195876288
1.96 0.9527875372279496
1.97 0.963005452462772
1.98 0.9732305154639176
1.99 0.9834621764032073
2.0 0.9936998854524628
2.01 1.0039430927835051
2.02 1.014191248568156
2.0300000000000002 1.0244438029782361
2.04 1.034700206185567
2.05 1.04495990836197
2.06 1.0552223596792671
2.0700000000000003 1.0654870103092788
2.08 1.075753310423826
2.09 1.0860207101947306
2.1 1.0962886597938144
2.11 1.106556609392898
2.12 1.116824009163803
2.13 1.1270903092783502
2.14 1.137354959908362
2.15 1.1476174112256585
2.16 1.157877113402062
2.17 1.168133516609393
2.18 1.1783860710194731
2.19 1.1886342268041237
2.2 1.1988774341351665
2.21 1.2091151431844216
2.2199999999999998 1.2193468041237112
2.23 1.2295718671248566
2.24 1.2397897823596795
2.25 1.25
