-3.0 1.9999999999999998
-2.99 1.9914285079365077
-2.98 1.9828566349206347
-2.97 1.974284
-2.96 1.9657102222222222
-2.95 1.9571349206349204
-2.94 1.9485577142857142
-2.93 1.9399782222222222
-2.92 1.9313960634920635
-2.91 1.9228108571428575
-2.9 1.914222222222222
-2.89 1.905629777777778
-2.88 1.8970331428571428
-2.87 1.8884319365079365
-2.86 1.8798257777777776
-2.85 1.8712142857142857
-2.84 1.862597079365079
-2.83 1.8539737777777776
-2.82 1.8453439999999997
-2.81 1.836707365079365
-2.8 1.8280634920634915
-2.79 1.8194119999999998
-2.78 1.8107525079365074
-2.77 1.8020846349206348
-2.76 1.793408
-2.75 1.7847222222222219
-2.74 1.7760269206349206
-2.73 1.7673217142857138
-2.7199999999999998 1.7586062222222216
-2.71 1.7498800634920635
-2.7 1.741142857142857
-2.69 1.7323942222222222
-2.68 1.7236337777777773
-2.67 1.7148611428571428
-2.66 1.7060759365079368
-2.65 1.6972777777777777
-2.64 1.6884662857142858
-2.63 1.6796410793650793
-2.62 1.6708017777777777
-2.61 1.6619479999999998
-2.6 1.653079365079365
-2.59 1.6441954920634918
-2.58 1.6352959999999999
-2.57 1.6263805079365077
-2.56 1.6174486349206347
-2.55 1.6084999999999996
-2.54 1.599534222222222
-2.53 1.5905509206349204
-2.52 1.5815497142857142
-2.51 1.5725302222222222
-2.5 1.5634920634920635
-2.49 1.5544348571428572
-2.48 1.545358222222222
-2.4699999999999998 1.5362617777777772
-2.46 1.527145142857143
-2.45 1.5180079365079364
-2.44 1.5088497777777778
-2.4299999999999997 1.4996702857142854
-2.42 1.4904690793650792
-2.41 1.481245777777778
-2.4 1.4719999999999998
-2.39 1.4627313650793652
-2.38 1.4534394920634919
-2.37 1.444124
-2.36 1.4347845079365078
-2.35 1.425420634920635
-2.34 1.4160319999999995
-2.33 1.406618222222222
-2.32 1.3971789206349203
-2.31 1.3877137142857143
-2.3 1.378222222222222
-2.29 1.3687040634920633
-2.2800000000000002 1.3591588571428574
-2.27 1.349586222222222
-2.26 1.3399857777777775
-2.25 1.3303571428571426
-2.24 1.3206999365079366
-2.23 1.3110137777777777
-2.2199999999999998 1.3012982857142854
-2.21 1.2915530793650793
-2.2 1.281777777777778
-2.19 1.2719719999999999
-2.1799999999999997 1.2621353650793647
-2.17 1.2522674920634917
-2.16 1.2423680000000001
-2.15 1.2324365079365078
-2.14 1.222472634920635
-2.13 1.2124759999999999
-2.12 1.2024462222222223
-2.11 1.1923829206349206
-2.1 1.1822857142857142
-2.09 1.1721542222222223
-2.08 1.1619880634920634
-2.07 1.151786857142857
-2.06 1.141550222222222
-2.05 1.1312777777777776
-2.04 1.120969142857143
-2.0300000000000002 1.1106239365079367
-2.02 1.1002417777777778
-2.01 1.0898222857142854
-2.0 1.0793650793650793
-1.99 1.0688697777777776
-1.98 1.058336
-1.97 1.047763365079365
-1.96 1.0371514920634919
-1.95 1.0264999999999997
-1.94 1.015808507936508
-1.93 1.0050766349206348
-1.92 0.9943039999999999
-1.91 0.9834902222222223
-1.9 0.9726349206349206
-1.89 0.9617377142857142
-1.88 0.9507982222222221
-1.8699999999999999 0.9398160634920634
-1.8599999999999999 0.9287908571428569
-1.8499999999999999 0.917722222222222
-1.84 0.906609777777778
-1.83 0.895453142857143
-1.82 0.8842519365079365
-1.81 0.8730057777777778
-1.8 0.8617142857142857
-1.79 0.8503770793650794
-1.78 0.8389937777777778
-1.77 0.8275640000000001
-1.76 0.8160873650793651
-1.75 0.804563492063492
-1.74 0.7929919999999999
-1.73 0.7813725079365078
-1.72 0.7697046349206349
-1.71 0.757988
-1.7 0.7462222222222221
-1.69 0.7344069206349205
-1.68 0.7225417142857142
-1.67 0.710626222222222
-1.66 0.6986600634920634
-1.65 0.686642857142857
-1.64 0.6745742222222221
-1.63 0.6624537777777777
-1.6199999999999999 0.6502811428571427
-1.6099999999999999 0.6380559365079363
-1.5999999999999999 0.6257777777777775
-1.59 0.6134462857142857
-1.58 0.6010610793650795
-1.57 0.5886217777777779
-1.56 0.5761280000000001
-1.55 0.5635793650793651
-1.54 0.5509754920634922
-1.53 0.538316
-1.52 0.5256005079365079
-1.51 0.512828634920635
-1.5 0.5
