-1.125 0.43117651679866614
-1.115 0.44017622035518433
-1.105 0.449131489396401
-1.095 0.4580415130671502
-1.085 0.4669054805122655
-1.075 0.4757225808765808
-1.065 0.48449200330493003
-1.055 0.4932129369421469
-1.045 0.5018845709330653
-1.035 0.510506094422519
-1.025 0.5190766965553418
-1.015 0.5275955664763676
-1.005 0.5360618933304303
-0.995 0.5444748662623632
-0.985 0.5528336744170007
-0.975 0.5611375069391765
-0.965 0.5693855529737245
-0.955 0.5775770016654782
-0.9450000000000001 0.5857110421592715
-0.935 0.5937868635999384
-0.925 0.6018036551323127
-0.915 0.609760605901228
-0.905 0.6176569050515186
-0.895 0.6254917417280176
-0.885 0.6332643050755594
-0.875 0.6409737842389776
-0.865 0.6486193683631061
-0.855 0.6562002465927786
-0.845 0.663715608072829
-0.835 0.6711646419480911
-0.825 0.6785465373633989
-0.815 0.6858604834635857
-0.8049999999999999 0.693105669393486
-0.7949999999999999 0.7002812842979331
-0.7849999999999999 0.707386517321761
-0.7749999999999999 0.7144205576098036
-0.765 0.7213825943068944
-0.755 0.7282718165578678
