-2.625 1.625
-2.615 1.6149988965061146
-2.605 1.6049977193200002
-2.595 1.5949964797789236
-2.585 1.5849951892201497
-2.575 1.5749938589809453
-2.565 1.5649925003985756
-2.555 1.5549911248103079
-2.545 1.5449897435534061
-2.535 1.534988367965138
-2.525 1.5249870093827684
-2.515 1.5149856791435643
-2.505 1.5049843885847904
-2.495 1.4949831490437133
-2.485 1.4849819718575992
-2.475 1.474980868363714
-2.465 1.4649798498993225
-2.455 1.4549789278016922
-2.445 1.4449781134080881
-2.435 1.4349774180557773
-2.425 1.4249768530820237
-2.415 1.4149764298240952
-2.405 1.4049761596192567
-2.395 1.3949760538047749
-2.385 1.3849761237179143
-2.375 1.3749763806959427
-2.365 1.3649768360761252
-2.355 1.3549775011957272
-2.3449999999999998 1.3449783873920151
-2.335 1.3349795060022556
-2.325 1.3249808683637139
-2.315 1.3149824858136556
-2.305 1.304984369689347
-2.295 1.2949865313280544
-2.285 1.2849889820670435
-2.275 1.27499173324358
-2.265 1.2649947961949302
-2.255 1.2549981822583596
