-1.5 0.5
-1.49 0.4900538298111046
-1.48 0.4801118203988119
-1.47 0.4701733708880268
-1.46 0.4602378804036538
-1.45 0.45030474807059806
-1.44 0.44037337301376406
-1.43 0.4304431543580568
-1.42 0.4205134912283809
-1.41 0.4105837827496412
-1.4 0.4006534280467425
-1.39 0.3907218262445897
-1.38 0.3807883764680873
-1.37 0.37085247784214054
-1.3599999999999999 0.3609135294916534
-1.35 0.3509709305415317
-1.34 0.34102408011667945
-1.33 0.3310723773420016
-1.32 0.3211152213424032
-1.31 0.3111520112427888
-1.3 0.30118214616806316
-1.29 0.29120502524313124
-1.28 0.28122004759289765
-1.27 0.2712266123422674
-1.26 0.261224118616145
-1.25 0.25121196553943537
-1.24 0.24118955223704333
-1.23 0.2311562778338736
-1.22 0.22111154145483103
-1.21 0.21105474222482032
-1.2 0.20098527926874632
-1.19 0.19090255171151374
-1.18 0.18080595867802748
-1.17 0.17069489929319226
-1.16 0.16056877268191286
-1.15 0.15042697796909404
-1.1400000000000001 0.1402689142796409
-1.13 0.1300939807384574
