2.625 -0.8695071814659844
2.635 -0.8743982609994905
2.645 -0.8792007681895292
2.655 -0.8839144173674375
2.665 -0.8885389228645529
2.675 -0.8930739990122123
2.685 -0.8975193601417533
2.695 -0.9018747205845125
2.705 -0.9061397946718275
2.715 -0.9103142967350351
2.725 -0.914397941105473
2.735 -0.9183904421144782
2.745 -0.9222915140933879
2.755 -0.9261008713735389
2.765 -0.9298182282862689
2.775 -0.933443299162915
2.785 -0.9369757983348143
2.795 -0.9404154401333037
2.805 -0.9437619388897212
2.815 -0.9470150089354029
2.825 -0.9501743646016869
2.835 -0.95323972021991
2.845 -0.9562107901214094
2.855 -0.9590872886375222
2.865 -0.9618689300995859
2.875 -0.9645554288389373
2.885 -0.967146499186914
2.895 -0.9696418554748528
2.9050000000000002 -0.9720412120340912
2.915 -0.9743442831959662
2.925 -0.976550783291815
2.935 -0.9786604266529749
2.945 -0.9806729276107831
2.955 -0.9825880004965767
2.965 -0.9844053596416927
2.975 -0.9861247193774688
2.985 -0.9877457940352415
2.995 -0.9892682979463486
