-0.75 -0.25
-0.74 -0.26274096678121417
-0.73 -0.2755978373424972
-0.72 -0.2885628041237114
-0.71 -0.3016280595647193
-0.7 -0.3147857961053838
-0.69 -0.328028206185567
-0.6799999999999999 -0.34134748224513173
-0.67 -0.3547358167239402
-0.66 -0.3681854020618556
-0.65 -0.3816884306987399
-0.64 -0.3952370950744558
-0.63 -0.4088235876288659
-0.62 -0.42244010080183264
-0.61 -0.43607882703321865
-0.6 -0.44973195876288646
-0.59 -0.4633916884306987
-0.58 -0.47705020847651775
-0.5700000000000001 -0.490699711340206
-0.56 -0.5043323894616265
-0.55 -0.5179404352806415
-0.54 -0.5315160412371134
-0.53 -0.5450513997709049
-0.52 -0.5585387033218785
-0.51 -0.5719701443298969
-0.5 -0.5853379152348224
-0.49 -0.5986342084765177
-0.48 -0.6118512164948453
-0.47 -0.6249811317296677
-0.46 -0.6380161466208476
-0.45 -0.6509484536082474
-0.44 -0.6637702451317297
-0.43 -0.6764737136311569
-0.42 -0.6890510515463918
-0.41 -0.7014944513172966
-0.39999999999999997 -0.7137961053837343
-0.39 -0.7259482061855669
-0.38 -0.7379429461626574
-0.37 -0.7497725177548682
-0.36 -0.7614291134020619
-0.35 -0.7729049255441008
-0.33999999999999997 -0.7841921466208477
-0.33 -0.7952829690721649
-0.32 -0.8061695853379152
-0.31 -0.8168441878579611
-0.3 -0.8272989690721649
-0.29 -0.8375261214203895
-0.27999999999999997 -0.8475178373424971
-0.27 -0.8572663092783505
-0.26 -0.8667637296678121
-0.25 -0.8760022909507446
-0.24 -0.8849741855670104
-0.22999999999999998 -0.8936716059564719
-0.21999999999999997 -0.902086744558992
-0.20999999999999996 -0.9102117938144331
-0.19999999999999996 -0.9180389461626575
-0.18999999999999995 -0.9255603940435281
-0.17999999999999994 -0.9327683298969073
-0.17000000000000004 -0.9396549461626575
-0.16000000000000003 -0.9462124352806414
-0.15000000000000002 -0.9524329896907217
-0.14 -0.9583088018327606
-0.13 -0.9638320641466208
-0.12 -0.968994969072165
-0.10999999999999999 -0.9737897090492554
-0.09999999999999998 -0.9782084765177549
-0.08999999999999997 -0.9822434639175258
-0.07999999999999996 -0.9858868636884307
-0.06999999999999995 -0.9891308682703321
-0.05999999999999994 -0.9919676701030928
-0.04999999999999993 -0.994389461626575
-0.040000000000000036 -0.9963884352806415
-0.030000000000000027 -0.9979567835051547
-0.020000000000000018 -0.9990866987399771
-0.010000000000000009 -0.9997703734249714
0.0 -1.0
