-3.0 -0.9899924966004447
-2.99 -0.9874180975682041
-2.98 -0.9847454153928288
-2.97 -0.981975166180844
-2.96 -0.9791080660387763
-2.95 -0.9761448310731522
-2.94 -0.9730861773904955
-2.93 -0.969932821097335
-2.92 -0.9666854783001919
-2.91 -0.9633448651055954
-2.9 -0.9599116976200706
-2.89 -0.9563866919501427
-2.88 -0.952770564202337
-2.87 -0.9490640304831799
-2.86 -0.9452678068991966
-2.85 -0.9413826095569124
-2.84 -0.9374091545628556
-2.83 -0.933348158023549
-2.82 -0.9292003360455183
-2.81 -0.9249664047352923
-2.8 -0.9206470801993927
-2.79 -0.9162430785443467
-2.78 -0.9117551158766819
-2.77 -0.9071839083029212
-2.76 -0.9025301719295924
-2.75 -0.8977946228632208
-2.74 -0.8929779772103301
-2.73 -0.8880809510774488
-2.7199999999999998 -0.8831042605711006
-2.71 -0.878048621797813
-2.7 -0.8729147508641102
-2.69 -0.8677033638765184
-2.68 -0.8624151769415627
-2.67 -0.8570509061657701
-2.66 -0.851611267655664
-2.65 -0.8460969775177736
-2.64 -0.8405087518586218
-2.63 -0.8348473067847353
-2.62 -0.8291133584026396
-2.61 -0.8233076228188607
-2.6 -0.817430816139924
-2.59 -0.8114836544723545
-2.58 -0.8054668539226797
-2.57 -0.7993811305974234
-2.56 -0.7932272006031127
-2.55 -0.7870057800462729
-2.54 -0.7807175850334291
-2.53 -0.774363331671108
-2.52 -0.7679437360658348
-2.51 -0.7614595143241345
-2.5 -0.7549113825525335
-2.49 -0.7483000568575591
-2.48 -0.7416262533457338
-2.4699999999999998 -0.7348906881235846
-2.46 -0.7280940772976388
-2.45 -0.7212371369744195
-2.44 -0.7143205832604549
-2.4299999999999997 -0.7073451322622681
-2.42 -0.7003115000863867
-2.41 -0.6932204028393365
-2.4 -0.6860725566276418
-2.39 -0.6788686775578292
-2.38 -0.6716094817364249
-2.37 -0.6642956852699529
-2.36 -0.6569280042649404
-2.35 -0.649507154827913
-2.34 -0.6420338530653962
-2.33 -0.6345088150839149
-2.32 -0.6269327569899961
-2.31 -0.6193063948901643
-2.3 -0.6116304448909458
-2.29 -0.6039056230988673
-2.2800000000000002 -0.5961326456204525
-2.27 -0.5883122285622286
-2.26 -0.5804450880307201
-2.25 -0.5725319401324536
-2.24 -0.5645735009739552
-2.23 -0.5565704866617496
-2.2199999999999998 -0.5485236133023623
-2.21 -0.5404335970023202
-2.2 -0.5323011538681481
-2.19 -0.5241270000063722
-2.1799999999999997 -0.5159118515235179
-2.17 -0.5076564245261108
-2.16 -0.49936143512067743
-2.15 -0.4910275994137423
-2.14 -0.48265563351183194
-2.13 -0.4742462535214713
-2.12 -0.4658001755491872
-2.11 -0.4573181157015038
-2.1 -0.44880079008494844
-2.09 -0.44024891480604555
-2.08 -0.4316632059713217
-2.07 -0.4230443796873016
-2.06 -0.4143931520605124
-2.05 -0.4057102391974783
-2.04 -0.39699635720472637
-2.0300000000000002 -0.3882522221887815
-2.02 -0.37947855025616894
-2.01 -0.37067605751341515
-2.0 -0.361845460067046
-1.99 -0.35298747402358677
-1.98 -0.344102815489563
-1.97 -0.33519220057150056
-1.96 -0.32625634537592507
-1.95 -0.31729596600936283
-1.94 -0.3083117785783388
-1.93 -0.29930449918937896
-1.92 -0.29027484394900926
-1.91 -0.28122352896375524
-1.9 -0.27215127034014175
-1.89 -0.26305878418469575
-1.88 -0.25394678660394265
-1.8699999999999999 -0.24481599370440743
-1.8599999999999999 -0.23566712159261705
-1.8499999999999999 -0.2265008863750959
-1.84 -0.21731800415837021
-1.83 -0.20811919104896592
-1.82 -0.19890516315340834
-1.81 -0.18967663657822353
-1.8 -0.1804343274299368
-1.79 -0.17117895181507392
-1.78 -0.16191122584016093
-1.77 -0.15263186561172348
-1.76 -0.1433415872362871
-1.75 -0.13404110682037762
-1.74 -0.12473114047052025
-1.73 -0.11541240429324096
-1.72 -0.10608561439506614
-1.71 -0.09675148688252033
-1.7 -0.08741073786213005
-1.69 -0.07806408344042082
-1.68 -0.06871223972391816
-1.67 -0.059355922819148255
-1.66 -0.04999584883263597
-1.65 -0.04063273387090771
-1.64 -0.03126729404048878
-1.63 -0.021900245447905253
-1.6199999999999999 -0.012532304199682653
-1.6099999999999999 -0.0031641864023463917
-1.5999999999999999 0.00620339183757751
-1.59 0.015569714413563085
-1.58 0.024934065219085366
-1.57 0.03429572814761811
-1.56 0.04365398709263574
-1.55 0.05300812594761245
-1.54 0.06235742860602289
-1.53 0.07170117896134115
-1.52 0.08103866090704143
-1.51 0.0903691583365982
-1.5 0.09969195514348556
-1.49 0.10900633522117775
-1.48 0.11831158246314966
-1.47 0.12760698076287502
-1.46 0.13689181401382816
-1.45 0.14616536610948355
-1.44 0.1554269209433154
-1.43 0.1646757624087981
-1.42 0.17391117439940584
-1.41 0.18313244080861324
-1.4 0.192338845529894
-1.39 0.20152967245672293
-1.38 0.21070420548257424
-1.3699999999999999 0.219861728500922
-1.3599999999999999 0.22900152540524082
-1.3499999999999999 0.23812288008900467
-1.3399999999999999 0.24722507644568814
-1.33 0.25630739836876526
-1.32 0.2653691297517104
-1.31 0.2744095544879982
-1.3 0.2834279564711025
-1.29 0.292423619594498
-1.28 0.3013958277516588
-1.27 0.31034386483605914
-1.26 0.3192670147411732
-1.25 0.3281645613604758
-1.24 0.3370357885874405
-1.23 0.3458799803155421
-1.22 0.3546964204382549
-1.21 0.36348439284905326
-1.2 0.3722431814414111
-1.19 0.38097207010880285
-1.18 0.38967034274470325
-1.17 0.3983372832425859
-1.16 0.40697217549592557
-1.15 0.41557430339819657
-1.14 0.4241429508428728
-1.13 0.43267740172342894
-1.1199999999999999 0.4411769399333392
-1.1099999999999999 0.44964084936607784
-1.0999999999999999 0.4580684139151192
-1.0899999999999999 0.4664589174739375
-1.08 0.47481164393600694
-1.07 0.48312587719480216
-1.06 0.4914009011437972
-1.05 0.4996359996764665
-1.04 0.5078304566862843
-1.03 0.5159835560667249
-1.02 0.5240945817112626
-1.01 0.5321628175133716
-1.0 0.5401875473665265
-0.9899999999999998 0.5481680551642013
-0.98 0.5561036247998703
-0.9699999999999998 0.563993540167008
-0.96 0.5718370851590884
-0.9500000000000002 0.5796335436695859
-0.94 0.5873821995919752
-0.9300000000000002 0.59508233681973
-0.9199999999999999 0.6027332392463252
-0.9100000000000001 0.6103341907652345
-0.8999999999999999 0.6178844752699328
-0.8900000000000001 0.6253833766538939
-0.8799999999999999 0.6328301788105924
-0.8700000000000001 0.6402241656335023
-0.8599999999999999 0.6475646210160982
-0.8500000000000001 0.6548508288518542
-0.8399999999999999 0.6620820730342448
-0.8300000000000001 0.669257637456744
-0.8199999999999998 0.6763768060128267
-0.81 0.6834388625959663
-0.7999999999999998 0.6904430910996379
-0.79 0.6973887754173153
-0.7799999999999998 0.7042751994424732
-0.77 0.7111016470685854
-0.7599999999999998 0.7178674021891268
-0.75 0.724571748697571
-0.7399999999999998 0.731213970487393
-0.73 0.7377933514520666
-0.7199999999999998 0.7443091754850665
-0.71 0.7507607264798665
-0.6999999999999997 0.7571472883299415
-0.69 0.7634681449287651
-0.6800000000000002 0.7697225801698121
-0.6699999999999999 0.775909877946557
-0.6600000000000001 0.7820293221524733
-0.6499999999999999 0.7880801966810362
-0.6400000000000001 0.7940617854257193
-0.6299999999999999 0.7999733722799974
-0.6200000000000001 0.8058142411373443
-0.6099999999999999 0.8115836758912349
-0.6000000000000001 0.817280960435143
-0.5899999999999999 0.8229053786625432
-0.5800000000000001 0.8284562144669094
-0.5699999999999998 0.8339327517417165
-0.56 0.8393342743804383
-0.5499999999999998 0.8446600662765493
-0.54 0.8499094113235238
-0.5299999999999998 0.8550815934148361
-0.52 0.8601758964439604
-0.5099999999999998 0.8651916043043714
-0.5 0.8701280008895427
-0.48999999999999977 0.8749843700929492
-0.48 0.8797599958080646
-0.46999999999999975 0.884454161928364
-0.45999999999999996 0.889066152347321
-0.44999999999999973 0.8935952509584104
-0.43999999999999995 0.8980407416551062
-0.43000000000000016 0.9024019083308825
-0.41999999999999993 0.9066780348792143
-0.41000000000000014 0.9108684051935751
-0.3999999999999999 0.9149723031674399
-0.3900000000000001 0.9189890126942825
-0.3799999999999999 0.9229178176675774
-0.3700000000000001 0.9267580019807988
-0.3599999999999999 0.9305088495274213
-0.3500000000000001 0.9341696442009187
-0.33999999999999986 0.9377396698947659
-0.33000000000000007 0.9412182105024366
-0.31999999999999984 0.9446045499174055
-0.31000000000000005 0.9478979720331466
-0.2999999999999998 0.9510977607431346
-0.29000000000000004 0.9542031999408433
-0.2799999999999998 0.9572135735197476
-0.27 0.9601281653733212
-0.2599999999999998 0.9629462593950389
-0.25 0.9656671394783746
-0.23999999999999977 0.9682900895168027
-0.22999999999999998 0.9708143934037977
-0.21999999999999975 0.9732393350328339
-0.20999999999999996 0.9755641982973852
-0.19999999999999973 0.9777882670909264
-0.18999999999999995 0.9799108253069313
-0.18000000000000016 0.9819311568388747
-0.16999999999999993 0.9838485455802305
-0.16000000000000014 0.9856622754244733
-0.1499999999999999 0.9873716302650772
-0.14000000000000012 0.9889758939955166
-0.1299999999999999 0.9904743505092658
-0.1200000000000001 0.991866283699799
-0.10999999999999988 0.9931509774605906
-0.10000000000000009 0.9943277156851149
-0.08999999999999986 0.9953957822668461
-0.08000000000000007 0.9963544610992585
-0.06999999999999984 0.9972030360758266
-0.06000000000000005 0.9979407910900245
-0.04999999999999982 0.9985670100353267
-0.040000000000000036 0.9990809768052072
-0.029999999999999805 0.9994819752931405
-0.020000000000000018 0.9997692893926008
-0.009999999999999787 0.9999422029970626
0.0 1.0
