-1.5 0.07073720166770293
-1.49 0.08070735864191855
-1.48 0.09066938032573502
-1.47 0.10062229443504989
-1.46 0.11056512868576095
-1.45 0.12049691079376569
-1.44 0.1304166684749619
-1.43 0.14032342944524714
-1.42 0.150216221420519
-1.41 0.16009407211667528
-1.4 0.16995600924961346
-1.39 0.17980106053523132
-1.38 0.18962825368942635
-1.37 0.19943661642809607
-1.3599999999999999 0.2092251764671388
-1.35 0.21899296152245126
-1.34 0.22873899930993175
-1.33 0.23846231754547767
-1.32 0.24816194394498672
-1.31 0.2578369062243565
-1.3 0.2674862320994847
-1.29 0.2771089492862689
-1.28 0.2867040855006068
-1.27 0.2962706684583959
-1.26 0.30580772587553406
-1.25 0.31531428546791884
-1.24 0.3247893749514477
-1.23 0.33423202204201863
-1.22 0.343641254455529
-1.21 0.35301609990787647
-1.2 0.36235558611495877
-1.19 0.37165874079267364
-1.18 0.3809245916569184
-1.17 0.3901521664235911
-1.16 0.39934049280858896
-1.15 0.40848859852780994
-1.1400000000000001 0.41759551129715133
-1.13 0.4266602588325114
