-0.75 -0.25
-0.74 -0.25925026556364517
-0.73 -0.2684425772912201
-0.72 -0.2775853043524472
-0.71 -0.28668681591704903
-0.7 -0.29575548115474776
-0.69 -0.304799669235266
-0.6799999999999999 -0.31382774932832613
-0.67 -0.32284809060365033
-0.66 -0.3318690622309613
-0.65 -0.3408990333799814
-0.64 -0.34994637322043304
-0.63 -0.3590194509220386
-0.62 -0.3681266356545204
-0.61 -0.3772762965876011
-0.6 -0.38647680289100284
-0.59 -0.39573652373444823
-0.58 -0.4050638282876595
-0.5700000000000001 -0.41446708572035923
-0.56 -0.4239546652022698
-0.55 -0.4335349359031136
-0.54 -0.443216266992613
-0.53 -0.4530070276404905
-0.52 -0.4629155870164685
-0.51 -0.47295031429026946
-0.5 -0.4831195786316156
-0.49 -0.49343174921022953
-0.48 -0.5038951951958336
-0.47 -0.5145182857581503
-0.46 -0.5253093900669016
-0.45 -0.5362768772918106
-0.44 -0.5474291166025994
-0.43 -0.5587744771689902
-0.42 -0.5703213281607058
-0.41 -0.5820780387474683
-0.39999999999999997 -0.5940529780990004
-0.39 -0.6062545153850241
-0.38 -0.6186910197752623
