0.0 -1.0
0.01 -0.9999500555555556
0.02 -0.9998004444444444
0.03 -0.9995514999999999
0.04 -0.9992035555555552
0.05 -0.9987569444444451
0.06 -0.9982120000000003
0.07 -0.9975690555555559
0.08 -0.9968284444444446
0.09 -0.9959905000000002
0.1 -0.9950555555555554
0.11 -0.9940239444444441
0.12 -0.9928960000000004
0.13 -0.9916720555555552
0.14 -0.9903524444444447
0.15 -0.9889375000000005
0.16 -0.9874275555555556
0.17 -0.9858229444444446
0.18 -0.9841239999999998
0.19 -0.9823310555555553
0.2 -0.980444444444444
0.21 -0.9784645000000005
0.22 -0.976391555555556
0.23 -0.9742259444444448
0.24 -0.9719679999999999
0.25 -0.9696180555555558
0.26 -0.9671764444444444
0.27 -0.9646435
0.28 -0.962019555555556
0.29 -0.9593049444444439
0.3 -0.9565000000000006
0.31 -0.9536050555555557
0.32 -0.9506204444444448
0.33 -0.9475465000000001
0.34 -0.9443835555555555
0.35000000000000003 -0.9411319444444444
0.36 -0.9377919999999997
0.37 -0.9343640555555555
0.38 -0.9308484444444446
0.39 -0.9272455000000002
0.4 -0.9235555555555559
0.41000000000000003 -0.9197789444444444
0.42 -0.9159160000000001
0.43 -0.9119670555555554
0.44 -0.9079324444444442
0.45 -0.9038125
0.46 -0.8996075555555556
0.47000000000000003 -0.8953179444444446
0.48 -0.8909440000000004
0.49 -0.8864860555555556
0.5 -0.8819444444444444
0.51 -0.8773195000000001
0.52 -0.8726115555555554
0.53 -0.8678209444444444
0.54 -0.8629479999999999
0.55 -0.8579930555555556
0.56 -0.8529564444444446
0.5700000000000001 -0.8478384999999999
0.58 -0.8426395555555556
0.59 -0.8373599444444445
0.6 -0.8319999999999996
0.61 -0.8265600555555555
0.62 -0.8210404444444445
0.63 -0.8154415000000002
0.64 -0.8097635555555558
0.65 -0.8040069444444446
0.66 -0.798172
0.67 -0.7922590555555556
0.68 -0.7862684444444441
0.6900000000000001 -0.7802004999999999
0.7000000000000001 -0.7740555555555554
0.71 -0.7678339444444445
0.72 -0.7615360000000002
0.73 -0.7551620555555557
0.74 -0.7487124444444444
0.75 -0.7421875
0.76 -0.7355875555555558
0.77 -0.7289129444444442
0.78 -0.7221639999999998
0.79 -0.7153410555555556
0.8 -0.7084444444444445
0.81 -0.7014745000000002
0.8200000000000001 -0.6944315555555554
0.8300000000000001 -0.6873159444444444
0.84 -0.6801280000000002
0.85 -0.6728680555555553
0.86 -0.6655364444444444
0.87 -0.6581335
0.88 -0.6506595555555557
0.89 -0.6431149444444446
0.9 -0.6355000000000003
0.91 -0.6278150555555555
0.92 -0.6200604444444446
0.93 -0.6122364999999996
0.9400000000000001 -0.6043435555555554
0.9500000000000001 -0.5963819444444443
0.96 -0.588352
0.97 -0.5802540555555558
0.98 -0.5720884444444447
0.99 -0.5638554999999998
1.0 -0.5555555555555556
1.01 -0.5471889444444444
1.02 -0.5387559999999998
1.03 -0.5302570555555557
1.04 -0.5216924444444444
1.05 -0.5130625
1.06 -0.5043675555555558
1.07 -0.4956079444444445
1.08 -0.48678399999999994
1.09 -0.47789605555555537
1.1 -0.46894444444444416
1.11 -0.45992950000000005
1.12 -0.45085155555555545
1.1300000000000001 -0.44171094444444425
1.1400000000000001 -0.43250800000000017
1.1500000000000001 -0.4232430555555556
1.16 -0.41391644444444464
1.17 -0.40452850000000007
1.18 -0.3950795555555555
1.19 -0.3855699444444443
1.2 -0.37600000000000017
1.21 -0.36637005555555563
1.22 -0.35668044444444436
1.23 -0.3469315000000003
1.24 -0.3371235555555557
1.25 -0.3272569444444445
1.26 -0.3173319999999999
1.27 -0.3073490555555553
1.28 -0.29730844444444454
1.29 -0.2872105
1.3 -0.27705555555555544
1.31 -0.2668439444444446
1.32 -0.2565760000000001
1.33 -0.24625205555555552
1.34 -0.23587244444444422
1.35 -0.2254374999999997
1.36 -0.21494755555555556
1.37 -0.20440294444444437
1.3800000000000001 -0.1938039999999998
1.3900000000000001 -0.18315105555555566
1.4000000000000001 -0.17244444444444443
1.41 -0.16168450000000018
1.42 -0.15087155555555565
1.43 -0.14000594444444442
1.44 -0.12908799999999984
1.45 -0.11811805555555574
1.46 -0.10709644444444452
1.47 -0.09602349999999993
1.48 -0.08489955555555581
1.49 -0.07372494444444458
1.5 -0.0625
1.51 -0.051225055555555454
1.52 -0.03990044444444421
1.53 -0.028526500000000093
1.54 -0.01710355555555554
1.55 -0.005631944444444287
1.56 0.005887999999999838
1.57 0.0174559444444444
1.58 0.029071555555555628
1.59 0.0407345000000002
1.6 0.052444444444444765
1.61 0.06420105555555553
1.62 0.07600400000000013
1.6300000000000001 0.08785294444444469
1.6400000000000001 0.09974755555555548
1.6500000000000001 0.11168750000000002
1.6600000000000001 0.12367244444444461
1.67 0.13570205555555548
1.68 0.14777600000000005
1.69 0.15989394444444438
1.7 0.17205555555555538
1.71 0.18426049999999994
1.72 0.19650844444444454
1.73 0.20879905555555553
1.74 0.22113199999999986
1.75 0.23350694444444445
1.76 0.24592355555555567
1.77 0.25838150000000004
1.78 0.27088044444444437
1.79 0.2834200555555556
1.8 0.29600000000000015
1.81 0.3086199444444445
1.82 0.32127955555555554
1.83 0.33397850000000007
1.84 0.34671644444444466
1.85 0.35949305555555566
1.86 0.37230800000000003
1.87 0.3851609444444446
1.8800000000000001 0.3980515555555558
1.8900000000000001 0.41097950000000016
1.9000000000000001 0.4239444444444445
1.9100000000000001 0.43694605555555577
1.92 0.4499839999999999
1.93 0.4630579444444445
1.94 0.47616755555555546
1.95 0.4893124999999998
1.96 0.5024924444444444
1.97 0.5157070555555556
1.98 0.528956
1.99 0.5422389444444443
2.0 0.5555555555555556
2.0100000000000002 0.5689055000000003
2.02 0.5822884444444445
2.0300000000000002 0.595704055555556
2.04 0.609152
2.05 0.6226319444444443
2.06 0.6361435555555557
2.07 0.6496864999999998
2.08 0.6632604444444445
2.09 0.6768650555555553
2.1 0.6905000000000001
2.11 0.7041649444444442
2.12 0.7178595555555557
2.13 0.7315834999999998
2.14 0.7453364444444446
2.15 0.7591180555555554
2.16 0.7729280000000002
2.17 0.7867659444444444
2.18 0.8006315555555558
2.19 0.8145244999999999
2.2 0.8284444444444446
2.21 0.8423910555555555
2.22 0.8563640000000002
2.23 0.8703629444444444
2.24 0.8843875555555558
2.25 0.8984375
2.2600000000000002 0.9125124444444448
2.27 0.9266120555555556
2.2800000000000002 0.9407360000000003
2.29 0.9548839444444445
2.3000000000000003 0.9690555555555559
2.31 0.9832505
2.32 0.9974684444444443
2.33 1.0117090555555557
2.34 1.0259719999999999
2.35 1.0402569444444445
2.36 1.0545635555555555
2.37 1.0688915
2.38 1.0832404444444443
2.39 1.0976100555555557
2.4 1.1119999999999999
2.41 1.1264099444444446
2.42 1.1408395555555555
2.43 1.1552885000000002
2.44 1.1697564444444444
2.45 1.1842430555555559
2.46 1.198748
2.47 1.2132709444444447
2.48 1.2278115555555555
2.49 1.2423695000000003
2.5 1.2569444444444444
2.5100000000000002 1.271536055555556
2.52 1.286144
2.5300000000000002 1.3007679444444449
2.54 1.3154075555555556
2.5500000000000003 1.3300625000000004
2.56 1.3447324444444446
2.57 1.3594170555555554
2.58 1.3741160000000001
2.59 1.3888289444444442
2.6 1.4035555555555557
2.61 1.4182954999999997
2.62 1.4330484444444447
2.63 1.4478140555555554
2.64 1.4625920000000001
2.65 1.4773819444444443
2.66 1.4921835555555558
2.67 1.5069964999999999
2.68 1.5218204444444448
2.69 1.5366550555555554
2.7 1.5515000000000003
2.71 1.5663549444444445
2.72 1.581219555555556
2.73 1.5960935
2.74 1.6109764444444448
2.75 1.6258680555555556
2.7600000000000002 1.6407680000000004
2.77 1.6556759444444444
2.7800000000000002 1.670591555555556
2.79 1.6855145
2.8000000000000003 1.7004444444444449
2.81 1.7153810555555555
2.82 1.7303239999999998
2.83 1.7452729444444446
2.84 1.7602275555555553
2.85 1.7751875000000001
2.86 1.7901524444444443
2.87 1.8051220555555556
2.88 1.820096
2.89 1.8350739444444446
2.9 1.8500555555555553
2.91 1.8650405000000003
2.92 1.8800284444444444
2.93 1.8950190555555557
2.94 1.9100119999999998
2.95 1.9250069444444446
2.96 1.9400035555555555
2.97 1.9550015000000003
2.98 1.9700004444444443
2.99 1.9850000555555558
3.0 2.0
