-2.25 1.2499999999999998
-2.24 1.2397897823596795
-2.23 1.2295718671248566
-2.22 1.2193468041237117
-2.21 1.2091151431844216
-2.2 1.1988774341351662
-2.19 1.1886342268041237
-2.18 1.1783860710194731
-2.17 1.168133516609393
-2.16 1.157877113402062
-2.15 1.1476174112256583
-2.14 1.137354959908362
-2.13 1.1270903092783502
-2.12 1.116824009163803
-2.11 1.1065566093928978
-2.1 1.0962886597938144
-2.09 1.0860207101947306
-2.08 1.0757533104238257
-2.07 1.0654870103092782
-2.06 1.055222359679267
-2.05 1.0449599083619698
-2.04 1.034700206185567
-2.03 1.024443802978236
-2.02 1.0141912485681557
-2.01 1.003943092783505
-2.0 0.9936998854524628
-1.99 0.9834621764032073
-1.98 0.9732305154639175
-1.97 0.963005452462772
-1.96 0.9527875372279495
-1.95 0.9425773195876287
-1.94 0.9323753493699883
-1.93 0.9221821764032073
-1.92 0.9119983505154639
-1.91 0.9018244215349369
-1.9 0.8916609392898052
-1.8900000000000001 0.8815084536082475
-1.88 0.8713675143184421
-1.87 0.8612386712485682
-1.8599999999999999 0.8511224742268041
-1.85 0.8410194730813288
-1.8399999999999999 0.8309302176403205
-1.83 0.8208552577319588
-1.82 0.8107951431844216
-1.81 0.8007504238258878
-1.8 0.7907216494845362
-1.79 0.7807093699885451
-1.78 0.7707141351660939
-1.77 0.7607364948453609
-1.76 0.7507769988545246
-1.75 0.740836197021764
-1.74 0.7309146391752577
-1.73 0.7210128751431844
-1.72 0.7111314547537227
-1.71 0.7012709278350515
-1.7 0.6914318442153493
-1.69 0.6816147537227949
-1.68 0.671820206185567
-1.67 0.6620487514318442
-1.6600000000000001 0.6523009392898055
-1.65 0.6425773195876289
-1.6400000000000001 0.6328784421534938
-1.63 0.6232048568155784
-1.62 0.613557113402062
-1.6099999999999999 0.6039357617411225
-1.6 0.5943413516609394
-1.5899999999999999 0.5847744329896906
-1.58 0.5752355555555556
-1.5699999999999998 0.5657252691867123
-1.56 0.5562441237113402
-1.5499999999999998 0.5467926689576172
-1.54 0.5373714547537227
-1.53 0.5279810309278351
-1.52 0.5186219473081329
-1.51 0.5092947537227949
-1.5 0.5
