0.75 -0.24999999999999997
0.76 -0.23738109507445576
0.77 -0.22488381214203887
0.78 -0.21250606185567003
0.79 -0.2002457548682702
0.8 -0.1881008018327605
0.81 -0.17606911340206177
0.8200000000000001 -0.1641486002290949
0.83 -0.15233717296678123
0.84 -0.14063274226804118
0.85 -0.1290332187857961
0.86 -0.11753651317296678
0.87 -0.10614053608247415
0.88 -0.09484319816723934
0.89 -0.08364241008018325
0.9 -0.07253608247422672
0.91 -0.061522126002290886
0.92 -0.05059845131729654
0.9299999999999999 -0.039762969072164964
0.94 -0.029013589919816764
0.95 -0.018348224513172938
0.96 -0.007764783505154638
0.97 0.0027388224513173257
0.98 0.013164682703321925
0.99 0.023514886597938163
1.0 0.03379152348224517
1.01 0.043996682703321945
1.02 0.05413245360824745
1.03 0.06420092554410087
1.04 0.07420418785796112
1.05 0.08414432989690732
1.06 0.09402344100801839
1.07 0.10384361053837352
1.08 0.11360692783505165
1.09 0.12331548224513188
1.1 0.1329713631156931
1.1099999999999999 0.14257665979381431
1.12 0.15213346162657518
1.13 0.16164385796105377
1.1400000000000001 0.17110993814433
1.15 0.18053379152348217
1.1600000000000001 0.1899175074455901
1.17 0.19926317525773193
1.18 0.20857288430698734
1.19 0.21784872394043522
1.2 0.22709278350515463
1.21 0.23630715234822453
1.22 0.24549391981672394
1.23 0.25465517525773196
1.24 0.26379300801832767
1.25 0.27290950744559
1.26 0.28200676288659793
1.27 0.29108686368843073
1.28 0.3001518991981673
1.29 0.30920395876288664
1.3 0.3182451317296679
1.31 0.32727750744559
1.32 0.33630317525773196
1.33 0.3453242245131731
1.3399999999999999 0.35434274455899184
1.35 0.36336082474226816
1.3599999999999999 0.3723805544100801
1.37 0.38140402290950753
1.38 0.3904333195876288
1.3900000000000001 0.3994705337915236
1.4 0.4085177548682703
1.4100000000000001 0.41757707216494855
1.42 0.4266505750286368
1.4300000000000002 0.4357403528064148
1.44 0.44484849484536076
1.4500000000000002 0.4539770904925545
1.46 0.46312822909507445
1.47 0.472304
1.48 0.4815064925544101
1.49 0.4907377961053837
1.5 0.5
