-0.75 0.7316888688738209
-0.74 0.7384673948429987
-0.73 0.7451713536730493
-0.72 0.7518002089537129
-0.71 0.7583534242747292
-0.7 0.7648304632258383
-0.69 0.7712307893967798
-0.6799999999999999 0.7775538663772941
-0.67 0.7837991577571205
-0.66 0.7899661271259997
-0.65 0.7960542380736709
-0.64 0.8020629541898746
-0.63 0.8079917390643503
-0.62 0.8138400562868381
-0.61 0.819607369447078
-0.6 0.8252931421348099
-0.59 0.8308968379397734
-0.58 0.8364179204517089
-0.5700000000000001 0.8418558532603562
-0.56 0.8472100999554549
-0.55 0.8524801241267453
-0.54 0.8576653893639672
-0.53 0.8627653592568605
-0.52 0.8677794973951651
-0.51 0.872707267368621
-0.5 0.8775481327669682
-0.49 0.8823015571799464
-0.48 0.8869670041972956
-0.47 0.8915439374087558
-0.46 0.896031820404067
-0.45 0.9004301167729688
-0.44 0.9047382901052015
-0.43 0.9089558039905049
-0.42 0.9130821220186189
-0.41 0.9171167077792833
-0.39999999999999997 0.9210590248622381
-0.39 0.9249085368572234
-0.38 0.928664707353979
