0.75 -0.25000000000000006
0.76 -0.24068518004405
0.77 -0.23130627959351174
0.78 -0.22186554115958973
0.79 -0.2123652072534882
0.8 -0.20280752038641178
0.81 -0.19319472306956467
0.8200000000000001 -0.18352905781415146
0.83 -0.1738127671313765
0.84 -0.16404809353244412
0.85 -0.1542372795285587
0.86 -0.14438256763092477
0.87 -0.13448620035074668
0.88 -0.12455042019922882
0.89 -0.11457746968757564
0.9 -0.10456959132699152
0.91 -0.09452902762868089
0.92 -0.08445802110384813
0.9299999999999999 -0.07435881426369778
0.94 -0.06423364961943402
0.95 -0.054084769682261356
0.96 -0.04391441696338421
0.97 -0.03372483397400698
0.98 -0.023518263225334082
0.99 -0.013296947228569922
1.0 -0.0030631284949188997
1.01 0.007180950464414571
1.02 0.017433047138226087
1.03 0.027690919015311236
1.04 0.03795232358446561
1.05 0.04821501833448481
1.06 0.058476760754164435
1.07 0.06873530833230004
1.08 0.07898841855768726
1.09 0.08923384891912167
1.1 0.09946935690539888
1.1099999999999999 0.10969270000531423
1.12 0.11990163570766399
