-3.0 -0.9899924966004454
-2.99 -0.9885193851884199
-2.98 -0.986947560195397
-2.97 -0.9852773072900398
-2.96 -0.9835089121410108
-2.95 -0.9816426604169731
-2.94 -0.9796788377865894
-2.93 -0.9776177299185227
-2.92 -0.9754596224814354
-2.91 -0.9732048011439905
-2.9 -0.970853551574851
-2.89 -0.9684061594426796
-2.88 -0.9658629104161389
-2.87 -0.963224090163892
-2.86 -0.9604899843546016
-2.85 -0.9576608786569305
-2.84 -0.9547370587395415
-2.83 -0.9517188102710975
-2.82 -0.9486064189202611
-2.81 -0.9454001703556955
-2.8 -0.9421003502460629
-2.79 -0.9387072442600266
-2.78 -0.9352211380662493
-2.77 -0.931642317333394
-2.76 -0.927971067730123
-2.75 -0.9242076749250997
-2.74 -0.9203524245869864
-2.73 -0.9164056023844461
-2.7199999999999998 -0.9123674939861417
-2.71 -0.9082383850607362
-2.7 -0.904018561276892
-2.69 -0.899708308303272
-2.68 -0.8953079118085391
-2.67 -0.8908176574613561
-2.66 -0.8862378309303859
-2.65 -0.881568717884291
-2.64 -0.8768106039917347
-2.63 -0.8719637749213794
