-3.0 1.9999999999999998
-2.99 1.9900005310564328
-2.98 1.9800010598454119
-2.97 1.9700015840994847
-2.96 1.960002101551198
-2.95 1.9500026099330985
-2.94 1.9400031069777328
-2.93 1.9300035904176485
-2.92 1.9200040579853914
-2.91 1.9100045074135095
-2.9 1.900004936434548
-2.89 1.8900053427810553
-2.88 1.8800057241855768
-2.87 1.8700060783806605
-2.86 1.8600064030988526
-2.85 1.8500066960727004
-2.84 1.84000695503475
-2.83 1.8300071777175486
-2.82 1.8200073618536428
-2.81 1.8100075051755802
-2.8 1.8000076054159064
-2.79 1.790007660307169
-2.78 1.7800076675819143
-2.77 1.7700076249726902
-2.76 1.7600075302120421
-2.75 1.750007381032518
-2.74 1.740007175166664
-2.73 1.7300069103470266
-2.7199999999999998 1.7200065843061532
-2.71 1.710006194776591
-2.7 1.700005739490886
-2.69 1.690005216181585
-2.68 1.6800046225812357
-2.67 1.670003956422384
-2.66 1.6600032154375775
-2.65 1.6500023973593616
-2.64 1.640001499920285
-2.63 1.630000520852893
