1.5 0.07073720166770281
1.51 0.06133442846132059
1.52 0.051929433055466656
1.53 0.042522894788725396
1.54 0.033115492999681584
1.55 0.02370790702692044
1.56 0.01430081620902629
1.57 0.00489489988458397
1.58 -0.004509162607821415
1.59 -0.0139106919296057
1.6 -0.023309008742183446
1.61 -0.032703433706970264
1.62 -0.04209328748538116
1.63 -0.0514778907388313
1.6400000000000001 -0.06085656412873652
1.65 -0.07022862831651133
1.66 -0.07959340396357112
1.67 -0.08895021173133139
1.68 -0.0982983722812073
1.69 -0.10763720627461348
1.7 -0.11696603437296613
1.71 -0.12628417723767965
1.72 -0.13559095553016967
1.73 -0.14488568991185147
1.74 -0.15416770104413982
1.75 -0.16343630958845032
1.76 -0.17269083620619827
1.77 -0.1819306015587985
1.78 -0.19115492630766653
1.79 -0.2003631311142177
1.8 -0.2095545366398669
1.81 -0.2187284635460294
1.82 -0.22788423249412065
1.83 -0.23702116414555557
1.84 -0.24613857916174975
1.85 -0.255235798204118
1.8599999999999999 -0.2643121419340757
1.87 -0.2733669310130386
1.88 -0.28239948610242077
1.8900000000000001 -0.2914091278636388
1.9 -0.3003951769581067
1.9100000000000001 -0.30935695404724056
1.92 -0.31829377979245466
1.93 -0.3272049748551654
1.94 -0.33608985989678725
1.95 -0.34494775557873547
1.96 -0.35377798256242565
1.97 -0.3625798615092725
1.98 -0.3713527130806916
1.99 -0.3800958579380982
2.0 -0.38880861674290723
2.01 -0.39749031015653397
2.02 -0.40614025884039406
2.0300000000000002 -0.4147577834559025
2.04 -0.4233422046644741
2.05 -0.4318928431275243
2.06 -0.4404090195064687
2.0700000000000003 -0.44889005446272245
2.08 -0.4573352686577001
2.09 -0.46574398275281736
2.1 -0.4741155174094898
2.11 -0.48244919328913194
2.12 -0.4907443310531596
2.13 -0.4990002513629875
2.14 -0.5072162748800314
2.15 -0.5153917222657058
2.16 -0.5235259141814268
2.17 -0.5316181712886087
2.18 -0.5396678142486677
2.19 -0.547674163723018
2.2 -0.5556365403730757
2.21 -0.5635542648602554
2.2199999999999998 -0.5714266578459726
2.23 -0.5792530399916425
2.24 -0.5870327319586806
2.25 -0.5947650544085015
2.26 -0.6024493280025207
2.27 -0.6100848734021538
2.2800000000000002 -0.6176710112688157
2.29 -0.6252070622639212
2.3 -0.632692347048886
2.31 -0.6401261862851256
2.3200000000000003 -0.647507900634055
2.33 -0.6548368107570889
2.34 -0.6621122373156427
2.35 -0.6693335009711324
2.36 -0.6764999223849724
2.37 -0.6836108222185784
2.38 -0.6906655211333651
2.39 -0.6976633397907483
2.4 -0.7046035988521426
2.41 -0.7114856189789641
2.42 -0.7183087208326271
2.43 -0.7250722250745475
2.44 -0.7317754523661398
2.45 -0.7384177233688201
2.46 -0.7449983587440029
2.4699999999999998 -0.7515166791531037
2.48 -0.757972005257538
2.49 -0.7643636577187206
2.5 -0.7706909571980668
2.51 -0.7769532243569917
2.52 -0.7831497798569111
2.5300000000000002 -0.7892799443592399
2.54 -0.7953430385253929
2.55 -0.8013383830167856
2.56 -0.8072652984948336
2.5700000000000003 -0.8131231056209519
2.58 -0.8189111250565553
2.59 -0.8246286774630593
2.6 -0.8302750835018796
2.6100000000000003 -0.8358496638344308
2.62 -0.8413517391221284
2.63 -0.8467806300263873
2.64 -0.8521356572086232
2.6500000000000004 -0.8574161413302511
2.66 -0.862621403052686
2.67 -0.8677507630373432
2.6799999999999997 -0.8728035419456383
2.69 -0.8777790604389863
2.7 -0.8826766391788026
2.71 -0.8874955988265018
2.7199999999999998 -0.8922352600434995
2.73 -0.8968949434912113
2.74 -0.9014739698310521
2.75 -0.9059716597244368
2.76 -0.9103873338327811
2.77 -0.9147203128175
2.7800000000000002 -0.9189699173400089
2.79 -0.9231354680617228
2.8 -0.9272162856440568
2.81 -0.9312116907484266
2.8200000000000003 -0.935121004036247
2.83 -0.9389435461689334
2.84 -0.9426786378079008
2.85 -0.9463255996145651
2.8600000000000003 -0.9498837522503408
2.87 -0.9533524163766431
2.88 -0.9567309126548876
2.89 -0.9600185617464897
2.9000000000000004 -0.9632146843128642
2.91 -0.9663186010154262
2.92 -0.9693296325155913
2.9299999999999997 -0.9722470994747745
2.94 -0.9750703225543912
2.95 -0.9777986224158567
2.96 -0.9804313197205858
2.9699999999999998 -0.982967735129994
2.98 -0.9854071893054965
2.99 -0.9877490029085086
3.0 -0.9899924966004454
