2.625 1.625
2.635 1.635001020731844
2.645 1.645001958701647
2.655 1.655002816176861
2.665 1.665003595424941
2.675 1.6750042987133382
2.685 1.6850049283095074
2.695 1.6950054864809005
2.705 1.705005975494972
2.715 1.715006397619174
2.725 1.7250067551209605
2.735 1.7350070502677837
2.745 1.7450072853270981
2.755 1.7550074625663554
2.765 1.7650075842530102
2.775 1.7750076526545144
2.785 1.7850076700383224
2.795 1.7950076386718865
2.805 1.8050075608226606
2.815 1.815007438758097
2.825 1.8250072747456496
2.835 1.8350070710527715
2.845 1.845006829946916
2.855 1.8550065536955354
2.865 1.8650062445660842
2.875 1.8750059048260141
2.885 1.8850055367427796
2.895 1.895005142583834
2.9050000000000002 1.9050047246166293
2.915 1.9150042851086193
2.925 1.925003826327257
2.935 1.9350033505399964
2.945 1.9450028600142897
2.955 1.9550023570175905
2.965 1.9650018438173518
2.975 1.9750013226810272
2.985 1.9850007958760694
2.995 1.9950002656699322
