1.875 0.875
1.885 0.8850131867519324
1.895 0.8950251411430562
1.905 0.9050359062549822
1.915 0.9150455251693209
1.925 0.925054040967683
1.935 0.9350614967316788
1.945 0.9450679355429192
1.955 0.9550734004830148
1.965 0.9650779346335762
1.975 0.9750815810762137
1.985 0.9850843828925381
1.995 0.9950863831641602
2.005 1.00508762497269
2.015 1.0150881513997392
2.025 1.0250880055269171
2.035 1.0350872304358354
2.045 1.0450858692081038
2.055 1.0550839649253334
2.065 1.0650815606691348
2.075 1.0750786995211188
2.085 1.085075424562895
2.095 1.0950717788760755
2.105 1.1050678055422696
2.115 1.115063547643089
2.125 1.125059048260143
2.135 1.135054350475043
2.145 1.1450494973693999
2.1550000000000002 1.1550445320248242
2.165 1.1650394975229255
2.175 1.1750344369453152
2.185 1.1850293933736042
2.195 1.1950244098894025
2.205 1.2050195295743211
2.215 1.21501479550997
2.225 1.2250102507779608
2.235 1.2350059384599033
2.245 1.2450019016374083
