-3.0 -0.9899416820725516
-2.99 -0.9884942351843439
-2.98 -0.9869467090667647
-2.97 -0.9852993284579404
-2.96 -0.9835523252874574
-2.95 -0.9817059387355319
-2.94 -0.9797604152896536
-2.93 -0.9777160087986747
-2.92 -0.975572980524427
-2.91 -0.973331599190874
-2.9 -0.9709921410308084
-2.89 -0.9685548898301696
-2.88 -0.9660201369699077
-2.87 -0.9633881814654798
-2.86 -0.9606593300040744
-2.85 -0.9578338969794026
-2.84 -0.9549122045242503
-2.83 -0.9518945825407283
-2.82 -0.9487813687282594
-2.81 -0.9455729086093483
-2.8 -0.9422695555531141
-2.79 -0.9388716707966417
-2.78 -0.9353796234641528
-2.77 -0.931793790584099
-2.76 -0.9281145571039823
-2.75 -0.9243423159032429
-2.74 -0.9204774678039591
-2.73 -0.9165204215795031
-2.7199999999999998 -0.9124715939612118
-2.71 -0.9083314096429784
-2.7 -0.9041003012839087
-2.69 -0.8997787095089473
-2.68 -0.8953670829076265
-2.67 -0.8908658780308034
-2.66 -0.886275559385579
-2.65 -0.8815965994282627
-2.64 -0.8768294785555097
-2.63 -0.8719746850936169
-2.62 -0.867032715285963
-2.61 -0.8620040732787002
-2.6 -0.8568892711046205
-2.59 -0.851688828665309
-2.58 -0.8464032737115074
-2.57 -0.8410331418218071
-2.56 -0.8355789763796303
-2.55 -0.8300413285485161
-2.54 -0.8244207572457989
-2.53 -0.8187178291145916
-2.52 -0.8129331184942101
-2.51 -0.80706720738899
-2.5 -0.8011206854354802
-2.49 -0.7950941498681879
-2.48 -0.7889882054836519
-2.4699999999999998 -0.7828034646031573
-2.46 -0.7765405470338147
-2.45 -0.7702000800282592
-2.44 -0.7637826982428546
-2.4299999999999997 -0.7572890436944951
-2.42 -0.7507197657159342
-2.41 -0.7440755209097896
-2.4 -0.7373569731011209
-2.39 -0.7305647932886724
-2.38 -0.7236996595947799
-2.37 -0.7167622572139338
-2.36 -0.7097532783601055
-2.35 -0.7026734222127016
-2.34 -0.6955233948613386
-2.33 -0.688303909249344
-2.32 -0.6810156851160146
-2.31 -0.6736594489377111
-2.3 -0.6662359338677394
-2.29 -0.6587458796750545
-2.2800000000000002 -0.651190032681852
-2.27 -0.6435691456999978
-2.26 -0.6358839779663458
-2.25 -0.6281352950769943
-2.24 -0.6203238689204148
-2.23 -0.6124504776095738
-2.2199999999999998 -0.6045159054129745
-2.21 -0.5965209426846926
-2.2 -0.5884663857934236
-2.19 -0.5803530370505038
-2.1799999999999997 -0.5721817046370021
-2.17 -0.5639532025298376
-2.16 -0.5556683504269783
-2.15 -0.5473279736716775
-2.14 -0.5389329031759157
-2.13 -0.5304839753428221
-2.12 -0.5219820319883297
-2.11 -0.5134279202619649
-2.1 -0.5048224925667766
-2.09 -0.4961666064784742
-2.08 -0.48746112466377256
-2.07 -0.4787069147979387
-2.06 -0.46990484948157646
-2.05 -0.4610558061567066
-2.04 -0.4521606670220403
-2.0300000000000002 -0.44322031894759556
-2.02 -0.43423565338861553
-2.01 -0.42520756629876466
-2.0 -0.4161369580427119
-1.99 -0.4070247333080116
-1.98 -0.39787180101639463
-1.97 -0.38867907423443543
-1.96 -0.3794474700835827
-1.95 -0.37017790964964703
-1.94 -0.3608713178916998
-1.93 -0.3515286235504272
-1.92 -0.3421507590559267
-1.91 -0.33273866043501016
-1.9 -0.32329326721795953
-1.89 -0.31381552234484045
-1.88 -0.3043063720713021
-1.8699999999999999 -0.29476676587390993
-1.8599999999999999 -0.28519765635507716
-1.8499999999999999 -0.27559999914751265
-1.84 -0.2659747528182862
-1.83 -0.2563228787724771
-1.82 -0.2466453411564409
-1.81 -0.23694310676069094
-1.8 -0.2272171449224518
-1.79 -0.21746842742785247
-1.78 -0.2076979284137622
-1.77 -0.19790662426937403
-1.76 -0.18809549353742935
-1.75 -0.17826551681519134
-1.74 -0.16841767665514376
-1.73 -0.15855295746540776
-1.72 -0.14867234540994503
-1.71 -0.13877682830852064
-1.7 -0.12886739553644466
-1.69 -0.11894503792410449
-1.68 -0.10901074765633971
-1.67 -0.09906551817160694
-1.66 -0.08911034406100116
-1.65 -0.0791462209671352
-1.64 -0.06917414548286001
-1.63 -0.05919511504989432
-1.6199999999999999 -0.04921012785731927
-1.6099999999999999 -0.039220182739994724
-1.5999999999999999 -0.029226279076890956
-1.59 -0.019229416689348577
-1.58 -0.009230595739275003
-1.57 0.0007691833726858617
-1.56 0.010768920109033927
-1.55 0.0207676138972841
-1.54 0.03076426423188
-1.53 0.04075787077606606
-1.52 0.0507474334637658
-1.51 0.060731952601406285
-1.5 0.07071042896971724
-1.49 0.0806818639254769
-1.48 0.09064525950315458
-1.47 0.10059961851652632
-1.46 0.11054394466014857
-1.45 0.12047724261075933
-1.44 0.1303985181285686
-1.43 0.14030677815838785
-1.42 0.15020103093063722
-1.41 0.16008028606223249
-1.4 0.1699435546572596
-1.39 0.17978984940750647
-1.38 0.18961818469281078
-1.3699999999999999 0.19942757668120178
-1.3599999999999999 0.2092170434288294
-1.3499999999999999 0.2189856049797021
-1.3399999999999999 0.22873228346516755
-1.33 0.2384561032031707
-1.32 0.2481560907972558
-1.31 0.2578312752353082
-1.3 0.2674806879880205
-1.29 0.27710336310708433
-1.28 0.2866983373230861
-1.27 0.2962646501430931
-1.26 0.305801343947943
-1.25 0.3153074640891832
-1.24 0.3247820589857036
-1.23 0.3342241802200151
-1.22 0.3436328826341611
-1.21 0.3530072244252806
-1.2 0.36234626724081026
-1.19 0.37164907627326255
-1.18 0.38091472035464613
-1.17 0.3901422720504787
-1.16 0.3993308077533674
-1.15 0.40847940777619474
-1.14 0.4175871564448512
-1.13 0.4266531421905376
-1.1199999999999999 0.4356764576416219
-1.1099999999999999 0.4446561997150343
-1.0999999999999999 0.45359146970717956
-1.0899999999999999 0.4624813733843966
-1.08 0.4713250210729238
-1.07 0.48012152774836264
-1.06 0.4888700131246495
-1.05 0.49756960174249787
-1.04 0.5062194230573455
-1.03 0.5148186115267571
-1.02 0.5233663066972916
-1.01 0.5318616532908211
-1.0 0.5403038012903085
-0.9899999999999998 0.5486919060250083
-0.98 0.557025128255105
-0.9699999999999998 0.5653026342557743
-0.96 0.5735235959006572
-0.9500000000000002 0.5816871907447402
-0.94 0.5897926021066314
-0.9300000000000002 0.5978390191502303
-0.9199999999999999 0.605825636965781
-0.9100000000000001 0.6137516566503026
-0.8999999999999999 0.6216162853873851
-0.8900000000000001 0.6294187365263382
-0.8799999999999999 0.6371582296607166
-0.8700000000000001 0.6448339907061674
-0.8599999999999999 0.6524452519776258
-0.8500000000000001 0.6599912522658533
-0.8399999999999999 0.6674712369132806
-0.8300000000000001 0.6748844578891875
-0.8199999999999998 0.6822301738641833
-0.81 0.6895076502839913
-0.7999999999999998 0.6967161594425506
-0.79 0.7038549805543743
-0.7799999999999998 0.7109233998262272
-0.77 0.7179207105280613
-0.7599999999999998 0.7248462130632335
-0.75 0.7316992150379825
-0.7399999999999998 0.7384790313301715
-0.73 0.745184984157284
-0.7199999999999998 0.7518164031436638
-0.71 0.7583726253869911
-0.6999999999999997 0.7648529955240208
-0.69 0.7712568657955112
-0.6800000000000002 0.7775835961104153
-0.6699999999999999 0.783832554109265
-0.6600000000000001 0.7900031152267804
-0.6499999999999999 0.7960946627536852
-0.6400000000000001 0.802106587897721
-0.6299999999999999 0.8080382898438664
-0.6200000000000001 0.8138891758137391
-0.6099999999999999 0.8196586611241925
-0.6000000000000001 0.8253461692450904
-0.5899999999999999 0.8309511318562566
-0.5800000000000001 0.8364729889036004
-0.5699999999999998 0.8419111886544112
-0.56 0.8472651877518056
-0.5499999999999998 0.852534451268341
-0.54 0.8577184527587827
-0.5299999999999998 0.862816674312017
-0.52 0.867828606602103
-0.5099999999999998 0.8727537489384765
-0.5 0.8775916093152781
-0.48999999999999977 0.8823417044598169
-0.48 0.8870035598801672
-0.46999999999999975 0.8915767099118813
-0.45999999999999996 0.8960606977638195
-0.44999999999999973 0.9004550755631053
-0.43999999999999995 0.9047594043991843
-0.43000000000000016 0.9089732543669938
-0.41999999999999993 0.913096204609237
-0.41000000000000014 0.9171278433577585
-0.3999999999999999 0.9210677679740169
-0.3900000000000001 0.9249155849886465
-0.3799999999999999 0.9286709101401218
-0.3700000000000001 0.9323333684124917
-0.3599999999999999 0.9359025940722202
-0.3500000000000001 0.9393782307040845
-0.33999999999999986 0.9427599312461737
-0.33000000000000007 0.946047358023943
-0.31999999999999984 0.9492401827833556
-0.31000000000000005 0.9523380867230862
-0.2999999999999998 0.9553407605257953
-0.29000000000000004 0.9582479043884651
-0.2799999999999998 0.9610592280517996
-0.27 0.9637744508286848
-0.2599999999999998 0.9663933016317036
-0.25 0.9689155189997051
-0.23999999999999977 0.9713408511234337
-0.22999999999999998 0.9736690558702007
-0.21999999999999975 0.9758999008076045
-0.20999999999999996 0.9780331632263087
-0.19999999999999973 0.9800686301618489
-0.18999999999999995 0.9820060984154931
-0.18000000000000016 0.9838453745741449
-0.16999999999999993 0.985586275029275
-0.16000000000000014 0.9872286259949044
-0.1499999999999999 0.9887722635246127
-0.14000000000000012 0.9902170335275929
-0.1299999999999999 0.9915627917837273
-0.1200000000000001 0.9928094039577081
-0.10999999999999988 0.9939567456121846
-0.10000000000000009 0.9950047022199331
-0.08999999999999986 0.995953169175075
-0.08000000000000007 0.9968020518033032
-0.06999999999999984 0.9975512653711487
-0.06000000000000005 0.9982007350942718
-0.04999999999999982 0.9987503961447771
-0.040000000000000036 0.9992001936575553
-0.029999999999999805 0.9995500827356519
-0.020000000000000018 0.9998000284546553
-0.009999999999999787 0.9999500058661198
0.0 1.0000000000000004
0.010000000000000231 0.9999500058661197
0.020000000000000018 0.9998000284546549
0.03000000000000025 0.9995500827356515
0.040000000000000036 0.9992001936575552
0.050000000000000266 0.9987503961447776
0.06000000000000005 0.9982007350942717
0.07000000000000028 0.9975512653711482
0.08000000000000007 0.9968020518033024
0.08999999999999986 0.9959531691750744
0.10000000000000009 0.9950047022199333
0.10999999999999988 0.9939567456121838
0.1200000000000001 0.9928094039577081
0.1299999999999999 0.9915627917837273
0.14000000000000012 0.9902170335275924
0.1499999999999999 0.9887722635246122
0.16000000000000014 0.9872286259949042
0.16999999999999993 0.9855862750292759
0.18000000000000016 0.9838453745741447
0.18999999999999995 0.9820060984154936
0.20000000000000018 0.980068630161848
0.20999999999999996 0.9780331632263087
0.2200000000000002 0.9758999008076044
0.22999999999999998 0.9736690558702003
0.2400000000000002 0.9713408511234337
0.25 0.9689155189997052
0.26000000000000023 0.9663933016317026
0.27 0.9637744508286846
0.28000000000000025 0.9610592280517997
0.29000000000000004 0.9582479043884647
0.30000000000000027 0.9553407605257954
0.31000000000000005 0.9523380867230863
0.3200000000000003 0.9492401827833552
0.33000000000000007 0.9460473580239427
0.33999999999999986 0.9427599312461744
0.3500000000000001 0.9393782307040849
0.3599999999999999 0.9359025940722199
0.3700000000000001 0.9323333684124911
0.3799999999999999 0.9286709101401208
0.3900000000000001 0.9249155849886466
0.3999999999999999 0.9210677679740163
0.41000000000000014 0.9171278433577588
0.41999999999999993 0.9130962046092368
0.43000000000000016 0.9089732543669928
0.43999999999999995 0.9047594043991836
0.4500000000000002 0.9004550755631047
0.45999999999999996 0.8960606977638191
0.4700000000000002 0.891576709911881
0.48 0.8870035598801671
0.4900000000000002 0.8823417044598161
0.5 0.8775916093152767
0.5100000000000002 0.8727537489384762
0.52 0.8678286066021031
0.5300000000000002 0.8628166743120166
0.54 0.8577184527587826
0.5500000000000003 0.8525344512683396
0.56 0.8472651877518046
0.5700000000000003 0.8419111886544112
0.5800000000000001 0.8364729889036012
0.5899999999999999 0.8309511318562566
0.6000000000000001 0.8253461692450903
0.6099999999999999 0.8196586611241924
0.6200000000000001 0.8138891758137381
0.6299999999999999 0.8080382898438656
0.6400000000000001 0.8021065878977202
0.6499999999999999 0.7960946627536846
0.6600000000000001 0.7900031152267806
0.6699999999999999 0.7838325541092649
0.6800000000000002 0.7775835961104152
0.69 0.7712568657955107
0.7000000000000002 0.7648529955240193
0.71 0.7583726253869908
0.7200000000000002 0.7518164031436622
0.73 0.7451849841572844
0.7400000000000002 0.7384790313301715
0.75 0.7316992150379819
0.7600000000000002 0.7248462130632326
0.77 0.7179207105280611
0.7800000000000002 0.7109233998262269
0.79 0.7038549805543746
0.8000000000000003 0.6967161594425508
0.81 0.6895076502839922
0.8200000000000003 0.6822301738641818
0.8300000000000001 0.6748844578891869
0.8399999999999999 0.6674712369132807
0.8500000000000001 0.6599912522658526
0.8599999999999999 0.6524452519776255
0.8700000000000001 0.6448339907061659
0.8799999999999999 0.6371582296607164
0.8900000000000001 0.6294187365263377
0.8999999999999999 0.6216162853873841
0.9100000000000001 0.6137516566503028
0.9199999999999999 0.6058256369657805
0.9300000000000002 0.5978390191502292
0.94 0.5897926021066306
0.9500000000000002 0.58168719074474
0.96 0.5735235959006573
0.9700000000000002 0.5653026342557735
0.98 0.5570251282551043
0.9900000000000002 0.5486919060250078
1.0 0.5403038012903091
1.0099999999999998 0.5318616532908214
1.0200000000000005 0.5233663066972898
1.0300000000000002 0.5148186115267559
1.04 0.5062194230573435
1.0499999999999998 0.49756960174249554
1.0600000000000005 0.48887001312464756
1.0700000000000003 0.4801215277483632
1.08 0.4713250210729231
1.0899999999999999 0.46248137338439504
1.0999999999999996 0.4535914697071774
1.1100000000000003 0.44465619971503273
1.12 0.43567645764162194
1.13 0.4266531421905361
1.1399999999999997 0.41758715644484956
1.1500000000000004 0.4084794077761935
1.1600000000000001 0.3993308077533671
1.17 0.3901422720504777
1.1799999999999997 0.38091472035464596
1.1900000000000004 0.3716490762732606
1.2000000000000002 0.36234626724080954
1.21 0.35300722442528076
1.2199999999999998 0.34363288263415853
1.2300000000000004 0.334224180220014
1.2400000000000002 0.324782058985704
1.25 0.31530746408918237
1.2599999999999998 0.30580134394794223
1.2700000000000005 0.29626465014309317
1.2800000000000002 0.28669833732308503
1.29 0.2771033631070842
1.2999999999999998 0.26748068798802044
1.3100000000000005 0.2578312752353078
1.3200000000000003 0.24815609079725626
1.33 0.23845610320317032
1.3399999999999999 0.22873228346516644
1.3500000000000005 0.21898560497970002
1.3600000000000003 0.2092170434288277
1.37 0.19942757668120012
1.38 0.18961818469281116
1.3899999999999997 0.17978984940750567
1.4000000000000004 0.16994355465725688
1.4100000000000001 0.16008028606223101
1.42 0.1502010309306363
1.4299999999999997 0.14030677815838546
1.4400000000000004 0.13039851812856906
1.4500000000000002 0.12047724261075939
1.46 0.11054394466014503
1.4699999999999998 0.10059961851652476
1.4800000000000004 0.09064525950315461
1.4900000000000002 0.0806818639254762
1.5 0.07071042896971798
1.5099999999999998 0.06073195260140426
1.5200000000000005 0.05074743346376349
1.5300000000000002 0.040757870776065346
1.54 0.030764264231878898
1.5499999999999998 0.020767613897283543
1.5600000000000005 0.010768920109032036
1.5700000000000003 0.0007691833726858885
1.58 -0.009230595739276586
1.5899999999999999 -0.019229416689350357
1.6000000000000005 -0.0292262790768939
1.6100000000000003 -0.03922018273999586
1.62 -0.049210127857319236
1.63 -0.05919511504989502
1.6399999999999997 -0.06917414548286144
1.6500000000000004 -0.07914622096713654
1.6600000000000001 -0.08911034406100311
1.67 -0.09906551817160716
1.6799999999999997 -0.10901074765634053
1.6900000000000004 -0.11894503792410666
1.7000000000000002 -0.1288673955364462
1.71 -0.13877682830852406
1.7199999999999998 -0.1486723454099466
1.7300000000000004 -0.1585529574654081
1.7400000000000002 -0.1684176766551445
1.75 -0.17826551681519343
1.7599999999999998 -0.18809549353742952
1.7700000000000005 -0.1979066242693756
1.7800000000000002 -0.20769792841376453
1.79 -0.2174684274278529
1.7999999999999998 -0.227217144922454
1.8100000000000005 -0.2369431067606902
1.8200000000000003 -0.24664534115643974
1.83 -0.25632287877247967
1.8399999999999999 -0.2659747528182888
1.8500000000000005 -0.2755999991475149
1.8600000000000003 -0.28519765635507804
1.87 -0.29476676587391054
1.88 -0.3043063720713014
1.8899999999999997 -0.3138155223448428
1.9000000000000004 -0.3232932672179609
1.9100000000000001 -0.33273866043501005
1.92 -0.34215075905592934
1.9299999999999997 -0.351528623550428
1.9400000000000004 -0.3608713178917012
1.9500000000000002 -0.3701779096496468
1.96 -0.3794474700835833
1.9699999999999998 -0.38867907423443765
1.9800000000000004 -0.39787180101639835
1.9900000000000002 -0.4070247333080111
2.0 -0.41613695804271167
2.01 -0.4252075662987665
2.0200000000000005 -0.4342356533886158
2.0300000000000002 -0.44322031894759695
2.04 -0.4521606670220399
2.05 -0.4610558061567085
2.0600000000000005 -0.46990484948157946
2.0700000000000003 -0.4787069147979363
2.08 -0.4874611246637729
2.09 -0.4961666064784751
2.1000000000000005 -0.5048224925667771
2.1100000000000003 -0.5134279202619668
2.12 -0.5219820319883322
2.13 -0.5304839753428233
2.1399999999999997 -0.5389329031759194
2.1500000000000004 -0.5473279736716826
2.16 -0.555668350426975
2.17 -0.5639532025298389
2.1799999999999997 -0.5721817046370016
2.1900000000000004 -0.5803530370505041
2.2 -0.588466385793425
2.21 -0.5965209426846962
2.2199999999999998 -0.6045159054129763
2.2300000000000004 -0.6124504776095775
2.24 -0.6203238689204175
2.25 -0.628135295076994
2.26 -0.6358839779663458
2.2700000000000005 -0.6435691456999962
2.2800000000000002 -0.6511900326818528
2.29 -0.6587458796750554
2.3 -0.6662359338677397
2.3100000000000005 -0.6736594489377139
2.3200000000000003 -0.6810156851160148
2.33 -0.688303909249343
2.34 -0.6955233948613394
2.3500000000000005 -0.7026734222127017
2.3600000000000003 -0.7097532783601068
2.37 -0.7167622572139372
2.38 -0.7236996595947782
2.3899999999999997 -0.7305647932886735
2.4000000000000004 -0.7373569731011221
2.41 -0.7440755209097911
2.42 -0.7507197657159361
2.4299999999999997 -0.7572890436944966
2.4400000000000004 -0.7637826982428593
2.45 -0.77020008002826
2.46 -0.7765405470338168
2.4699999999999998 -0.7828034646031606
2.4800000000000004 -0.7889882054836563
2.49 -0.7950941498681864
2.5 -0.8011206854354835
2.51 -0.807067207388988
2.5200000000000005 -0.8129331184942125
2.5300000000000002 -0.818717829114591
2.54 -0.8244207572457998
2.55 -0.8300413285485206
2.5600000000000005 -0.8355789763796336
2.5700000000000003 -0.8410331418218117
2.58 -0.8464032737115095
2.59 -0.8516888286653101
2.6000000000000005 -0.8568892711046224
2.6100000000000003 -0.8620040732786989
2.62 -0.8670327152859633
2.63 -0.8719746850936175
2.6399999999999997 -0.8768294785555127
2.6500000000000004 -0.8815965994282636
2.66 -0.8862755593855799
2.67 -0.8908658780308051
2.6799999999999997 -0.8953670829076276
2.6900000000000004 -0.8997787095089531
2.7 -0.904100301283911
2.71 -0.9083314096429819
2.7199999999999998 -0.9124715939612111
2.7300000000000004 -0.9165204215795029
2.74 -0.9204774678039571
2.75 -0.9243423159032447
2.76 -0.9281145571039819
2.7700000000000005 -0.9317937905840976
2.7800000000000002 -0.9353796234641574
2.79 -0.9388716707966385
2.8 -0.9422695555531156
2.8100000000000005 -0.9455729086093526
2.8200000000000003 -0.9487813687282629
2.83 -0.9518945825407296
2.84 -0.9549122045242522
2.8500000000000005 -0.9578338969794039
2.8600000000000003 -0.9606593300040751
2.87 -0.9633881814654804
2.88 -0.966020136969906
2.8899999999999997 -0.9685548898301759
2.9000000000000004 -0.9709921410308132
2.91 -0.9733315991908734
2.92 -0.9755729805244286
2.9299999999999997 -0.9777160087986766
2.9400000000000004 -0.9797604152896545
2.95 -0.9817059387355308
2.96 -0.9835523252874554
2.9699999999999998 -0.9852993284579439
2.9800000000000004 -0.9869467090667697
2.99 -0.9884942351843428
3.0 -0.9899416820725538
