-3.0 -0.9463397197393992
-2.99 -0.9485575950152016
-2.98 -0.9505657748619951
-2.97 -0.9523662889470272
-2.96 -0.953961160137994
-2.95 -0.9553524045030386
-2.94 -0.9565420313107444
-2.93 -0.9575320430301395
-2.92 -0.9583244353306988
-2.91 -0.958921197082343
-2.9 -0.9593243103554348
-2.89 -0.9595357504207804
-2.88 -0.9595574857496367
-2.87 -0.9593914780137007
-2.86 -0.9590396820851157
-2.85 -0.9585040460364653
-2.84 -0.9577865111407848
-2.83 -0.9568890118715534
-2.82 -0.9558134759026888
-2.81 -0.9545618241085569
-2.8 -0.9531359705639715
-2.79 -0.9515378225441875
-2.78 -0.9497692805249054
-2.77 -0.9478322381822686
-2.76 -0.9457285823928681
-2.75 -0.943460193233739
-2.74 -0.9410289439823616
-2.73 -0.9384367011166574
-2.7199999999999998 -0.9356853243149974
-2.71 -0.9327766664561925
-2.7 -0.9297125736195053
-2.69 -0.9264948850846353
-2.68 -0.9231254333317291
-2.67 -0.9196060440413811
-2.66 -0.9159385360946304
-2.65 -0.9121247215729562
-2.64 -0.9081664057582846
-2.63 -0.9040653871329878
-2.62 -0.8998234573798827
-2.61 -0.8954424013822284
-2.6 -0.8909239972237313
-2.59 -0.8862700161885411
-2.58 -0.8814822227612522
-2.57 -0.8765623746269064
-2.56 -0.8715122226709859
-2.55 -0.8663335109794201
-2.54 -0.8610279768385822
-2.53 -0.8555973507352927
-2.52 -0.8500433563568142
-2.51 -0.844367710590852
-2.5 -0.838572123525561
-2.49 -0.8326582984495396
-2.48 -0.8266279318518281
-2.4699999999999998 -0.8204827134219135
-2.46 -0.8142243260497279
-2.45 -0.8078544458256474
-2.44 -0.8013747420404922
-2.4299999999999997 -0.7947868771855295
-2.42 -0.788092506952469
-2.41 -0.7812932802334643
-2.4 -0.7743908391211184
-2.39 -0.7673868189084733
-2.38 -0.760282848089019
-2.37 -0.7530805483566895
-2.36 -0.7457815346058647
-2.35 -0.7383874149313662
-2.34 -0.7308997906284632
-2.33 -0.7233202561928671
-2.32 -0.7156503993207396
-2.31 -0.7078918009086785
-2.3 -0.7000460350537331
-2.29 -0.6921146690533944
-2.2800000000000002 -0.6840992634056002
-2.27 -0.67600137180873
-2.26 -0.6678225411616102
-2.25 -0.6595643115635133
-2.24 -0.6512282163141517
-2.23 -0.6428157819136888
-2.2199999999999998 -0.6343285280627259
-2.21 -0.625767967662315
-2.2 -0.6171356068139504
-2.19 -0.608432944819569
-2.1799999999999997 -0.5996614741815564
-2.17 -0.5908226806027413
-2.16 -0.5819180429863955
-2.15 -0.5729490334362384
-2.14 -0.5639171172564307
-2.13 -0.5548237529515809
-2.12 -0.5456703922267416
-2.11 -0.5364584799874079
-2.1 -0.527189454339523
-2.09 -0.5178647465894719
-2.08 -0.5084857812440863
-2.07 -0.49905397601064144
-2.06 -0.4895707417968574
-2.05 -0.4800374827109006
-2.04 -0.47045559606137916
-2.0300000000000002 -0.4608264723573485
-2.02 -0.45115149530830845
-2.01 -0.44143204182420126
-2.0 -0.4316694820154173
-1.99 -0.42186517919278965
-1.98 -0.41202048986759543
-1.97 -0.4021367637515584
-1.96 -0.3922153437568463
-1.95 -0.3822575659960711
-1.94 -0.37226475978229034
-1.93 -0.36223824762900453
-1.92 -0.35217934525016076
-1.91 -0.3420893615601507
-1.9 -0.3319695986738095
-1.89 -0.32182135190641875
-1.88 -0.3116459097737026
-1.8699999999999999 -0.30144455399183256
-1.8599999999999999 -0.29121855947742264
-1.8499999999999999 -0.2809691943475311
-1.84 -0.2706977199196648
-1.83 -0.2604053907117714
-1.82 -0.2500934544422435
-1.81 -0.23976315202992152
-1.8 -0.2294157175940864
-1.79 -0.21905237845446787
-1.78 -0.20867435513123814
-1.77 -0.19828286134501372
-1.76 -0.1878791040168567
-1.75 -0.17746428326827438
-1.74 -0.1670395924212183
-1.73 -0.15660621799808427
-1.72 -0.14616533972171242
-1.71 -0.13571813051538978
-1.7 -0.12526575650284635
-1.69 -0.1148093770082564
-1.68 -0.10435014455624023
-1.67 -0.09388920487186159
-1.66 -0.08342769688063198
-1.65 -0.07296675270850324
-1.64 -0.0625074976818741
-1.63 -0.05205105032758896
-1.6199999999999999 -0.041598522372934266
-1.6099999999999999 -0.031151018745644937
-1.5999999999999999 -0.020709637573897474
-1.59 -0.010275470186313918
-1.58 0.0001503988880388607
-1.57 0.010566891919648047
-1.56 0.02097293797855826
-1.55 0.031367472934368146
-1.54 0.04174943945623141
-1.53 0.05211778701285749
-1.52 0.06247147187251209
-1.51 0.07280945710301451
-1.5 0.08313071257174018
-1.49 0.09343421494561838
-1.48 0.10371894769113638
-1.47 0.11398390107433465
-1.46 0.12422807216081008
-1.45 0.13445046481571346
-1.44 0.1446500897037521
-1.43 0.15482596428918882
-1.42 0.16497711283584007
-1.41 0.17510256640707964
-1.4 0.18520136286583444
-1.39 0.19527254687458875
-1.38 0.20531516989538032
-1.3699999999999999 0.21532829018980348
-1.3599999999999999 0.2253109728190081
-1.3499999999999999 0.23526228964369758
-1.3399999999999999 0.24518131932413148
-1.33 0.25506714732012525
-1.32 0.2649188658910489
-1.31 0.27473557409582877
-1.3 0.2845163777929455
-1.29 0.2942603896404341
-1.28 0.30396672909588685
-1.27 0.3136345224164503
-1.26 0.3232629026588262
-1.25 0.3328510096792723
-1.24 0.34239799013359973
-1.23 0.3519029974771778
-1.22 0.36136519196492944
-1.21 0.3707837406513319
-1.2 0.3801578173904193
-1.19 0.38948660283578074
-1.18 0.3987692844405609
-1.17 0.4080050564574585
-1.16 0.41719311993872765
-1.15 0.4263326827361795
-1.14 0.4354229595011795
-1.13 0.4444631716846472
-1.1199999999999999 0.45345254753705866
-1.1099999999999999 0.46239032210844505
-1.0999999999999999 0.4712757372483937
-1.0899999999999999 0.48010804160604514
-1.08 0.4888864906300967
-1.07 0.49761034656880065
-1.06 0.5062788784699643
-1.05 0.5148913621809514
-1.04 0.5234470803486788
-1.03 0.5319453224196202
-1.02 0.5403853846398048
-1.01 0.5487665700548162
-1.0 0.5570881885097931
-0.9899999999999998 0.5653495566494304
-0.98 0.5735499979179774
-0.9699999999999998 0.5816888425592404
-0.96 0.5897654276165782
-0.9500000000000002 0.5977790969329072
-0.94 0.6057292011506981
-0.9300000000000002 0.6136150977119765
-0.9199999999999999 0.621436150858325
-0.9100000000000001 0.6291917316308796
-0.8999999999999999 0.6368812178703321
-0.8900000000000001 0.6445039942169302
-0.8799999999999999 0.6520594521104764
-0.8700000000000001 0.6595469897903282
-0.8599999999999999 0.6669660122953985
-0.8500000000000001 0.6743159314641558
-0.8399999999999999 0.6815961659346249
-0.8300000000000001 0.6888061411443832
-0.8199999999999998 0.6959452893305653
-0.81 0.7030130495298612
-0.7999999999999998 0.7100088675785159
-0.79 0.7169321961123282
-0.7799999999999998 0.7237824945666544
-0.77 0.7305592291764043
-0.7599999999999998 0.7372618729760451
-0.75 0.7438899057995967
-0.7399999999999998 0.7504428142806363
-0.73 0.7569200918522953
-0.7199999999999998 0.7633212387472611
-0.71 0.7696457619977747
-0.6999999999999997 0.7758931754356352
-0.69 0.7820629996921946
-0.6800000000000002 0.7881547621983617
-0.6699999999999999 0.7941679971845993
-0.6600000000000001 0.8001022456809264
-0.6499999999999999 0.8059570555169163
-0.6400000000000001 0.8117319813216984
-0.6299999999999999 0.8174265845239584
-0.6200000000000001 0.8230404333519348
-0.6099999999999999 0.8285731028334231
-0.6000000000000001 0.8340241747957735
-0.5899999999999999 0.8393932378658922
-0.5800000000000001 0.8446798874702388
-0.5699999999999998 0.849883725834831
-0.56 0.8550043619852393
-0.5499999999999998 0.8600414117465909
-0.54 0.8649944977435676
-0.5299999999999998 0.8698632494004068
-0.52 0.8746473029409012
-0.5099999999999998 0.8793463013883985
-0.5 0.883959894565801
-0.48999999999999977 0.8884877390955687
-0.48 0.8929294983997144
-0.46999999999999975 0.8972848426998075
-0.45999999999999996 0.9015534490169717
-0.44999999999999973 0.9057350011718865
-0.43999999999999995 0.9098291897847874
-0.43000000000000016 0.9138357122754638
-0.41999999999999993 0.9177542728632615
-0.41000000000000014 0.9215845825670811
-0.3999999999999999 0.9253263592053782
-0.3900000000000001 0.9289793273961646
-0.3799999999999999 0.9325432185570062
-0.3700000000000001 0.9360177709050248
-0.3599999999999999 0.9394027294568976
-0.3500000000000001 0.9426978460288572
-0.33999999999999986 0.9459028792366911
-0.33000000000000007 0.949017594495742
-0.31999999999999984 0.9520417640209076
-0.31000000000000005 0.9549751668266424
-0.2999999999999998 0.9578175887269542
-0.29000000000000004 0.9605688223354071
-0.2799999999999998 0.9632286670651209
-0.27 0.9657969291287696
-0.2599999999999998 0.9682734215385836
-0.25 0.9706579641063477
-0.23999999999999977 0.972950383443402
-0.22999999999999998 0.975150512960642
-0.21999999999999975 0.9772581928685198
-0.20999999999999996 0.9792732701770407
-0.19999999999999973 0.9811955986957663
-0.18999999999999995 0.9830250390338138
-0.18000000000000016 0.9847614585998548
-0.16999999999999993 0.9864047316021167
-0.16000000000000014 0.987954739048382
-0.1499999999999999 0.9894113687459892
-0.14000000000000012 0.990774515301831
-0.1299999999999999 0.9920440801223557
-0.1200000000000001 0.9932199714135677
-0.10999999999999988 0.9943021041810253
-0.10000000000000009 0.9952904002298428
-0.08999999999999986 0.9961847881646908
-0.08000000000000007 0.9969852033897927
-0.06999999999999984 0.9976915881089297
-0.06000000000000005 0.9983038913254366
-0.04999999999999982 0.9988220688422046
-0.040000000000000036 0.9992460832616793
-0.029999999999999805 0.9995759039858624
-0.020000000000000018 0.9998115072163091
-0.009999999999999787 0.9999528759541328
0.0 1.0000000000000002
0.010000000000000231 0.999952875954133
0.020000000000000018 0.9998115072163094
0.03000000000000025 0.999575903985862
0.040000000000000036 0.9992460832616791
0.050000000000000266 0.9988220688422045
0.06000000000000005 0.9983038913254367
0.07000000000000028 0.9976915881089297
0.08000000000000007 0.9969852033897926
0.08999999999999986 0.9961847881646905
0.10000000000000009 0.9952904002298428
0.10999999999999988 0.994302104181025
0.1200000000000001 0.9932199714135675
0.1299999999999999 0.9920440801223557
0.14000000000000012 0.9907745153018308
0.1499999999999999 0.9894113687459892
0.16000000000000014 0.9879547390483822
0.16999999999999993 0.9864047316021165
0.18000000000000016 0.9847614585998545
0.18999999999999995 0.9830250390338138
0.20000000000000018 0.9811955986957664
0.20999999999999996 0.9792732701770407
0.2200000000000002 0.9772581928685198
0.22999999999999998 0.9751505129606424
0.2400000000000002 0.9729503834434018
0.25 0.9706579641063474
0.26000000000000023 0.9682734215385835
0.27 0.9657969291287696
0.28000000000000025 0.9632286670651207
0.29000000000000004 0.9605688223354071
0.30000000000000027 0.9578175887269539
0.31000000000000005 0.9549751668266422
0.3200000000000003 0.9520417640209076
0.33000000000000007 0.9490175944957419
0.33999999999999986 0.9459028792366911
0.3500000000000001 0.9426978460288574
0.3599999999999999 0.9394027294568981
0.3700000000000001 0.9360177709050249
0.3799999999999999 0.9325432185570062
0.3900000000000001 0.9289793273961644
0.3999999999999999 0.9253263592053783
0.41000000000000014 0.9215845825670812
0.41999999999999993 0.9177542728632616
0.43000000000000016 0.9138357122754638
0.43999999999999995 0.9098291897847872
0.4500000000000002 0.9057350011718864
0.45999999999999996 0.9015534490169715
0.4700000000000002 0.8972848426998074
0.48 0.8929294983997145
0.4900000000000002 0.8884877390955688
0.5 0.8839598945658014
0.5100000000000002 0.8793463013883981
0.52 0.874647302940901
0.5300000000000002 0.8698632494004067
0.54 0.8649944977435678
0.5500000000000003 0.860041411746591
0.56 0.8550043619852394
0.5700000000000003 0.8498837258348308
0.5800000000000001 0.8446798874702389
0.5899999999999999 0.8393932378658922
0.6000000000000001 0.8340241747957737
0.6099999999999999 0.8285731028334232
0.6200000000000001 0.8230404333519348
0.6299999999999999 0.8174265845239587
0.6400000000000001 0.8117319813216989
0.6499999999999999 0.8059570555169163
0.6600000000000001 0.8001022456809261
0.6699999999999999 0.7941679971845995
0.6800000000000002 0.7881547621983619
0.69 0.7820629996921951
0.7000000000000002 0.7758931754356353
0.71 0.7696457619977752
0.7200000000000002 0.7633212387472609
0.73 0.7569200918522955
0.7400000000000002 0.7504428142806363
0.75 0.7438899057995968
0.7600000000000002 0.7372618729760448
0.77 0.7305592291764048
0.7800000000000002 0.7237824945666541
0.79 0.7169321961123281
0.8000000000000003 0.7100088675785154
0.81 0.7030130495298615
0.8200000000000003 0.6959452893305655
0.8300000000000001 0.6888061411443832
0.8399999999999999 0.6815961659346251
0.8500000000000001 0.6743159314641565
0.8599999999999999 0.6669660122953988
0.8700000000000001 0.6595469897903281
0.8799999999999999 0.6520594521104768
0.8900000000000001 0.6445039942169306
0.8999999999999999 0.6368812178703327
0.9100000000000001 0.6291917316308799
0.9199999999999999 0.6214361508583254
0.9300000000000002 0.613615097711977
0.94 0.6057292011506983
0.9500000000000002 0.5977790969329073
0.96 0.5897654276165784
0.9700000000000002 0.5816888425592402
0.98 0.573549997917978
0.9900000000000002 0.5653495566494303
1.0 0.5570881885097931
1.0099999999999998 0.5487665700548164
1.0200000000000005 0.5403853846398047
1.0300000000000002 0.5319453224196206
1.04 0.523447080348679
1.0499999999999998 0.5148913621809519
1.0600000000000005 0.5062788784699644
1.0700000000000003 0.4976103465688008
1.08 0.4888864906300969
1.0899999999999999 0.48010804160604525
1.0999999999999996 0.47127573724839417
1.1100000000000003 0.4623903221084451
1.12 0.45345254753705866
1.13 0.44446317168464716
1.1399999999999997 0.4354229595011798
1.1500000000000004 0.42633268273617964
1.1600000000000001 0.417193119938728
1.17 0.4080050564574585
1.1799999999999997 0.39876928444056153
1.1900000000000004 0.38948660283578107
1.2000000000000002 0.38015781739041976
1.21 0.3707837406513322
1.2199999999999998 0.36136519196492967
1.2300000000000004 0.3519029974771779
1.2400000000000002 0.34239799013360017
1.25 0.33285100967927234
1.2599999999999998 0.3232629026588267
1.2700000000000005 0.3136345224164502
1.2800000000000002 0.3039667290958869
1.29 0.29426038964043444
1.2999999999999998 0.2845163777929458
1.3100000000000005 0.27473557409582905
1.3200000000000003 0.2649188658910494
1.33 0.2550671473201257
1.3399999999999999 0.24518131932413184
1.3500000000000005 0.2352622896436971
1.3600000000000003 0.22531097281900797
1.37 0.2153282901898042
1.38 0.20531516989538096
1.3899999999999997 0.19527254687458928
1.4000000000000004 0.18520136286583455
1.4100000000000001 0.17510256640707988
1.42 0.16497711283584082
1.4299999999999997 0.1548259642891895
1.4400000000000004 0.14465008970375245
1.4500000000000002 0.13445046481571377
1.46 0.12422807216081044
1.4699999999999998 0.11398390107433537
1.4800000000000004 0.1037189476911364
1.4900000000000002 0.09343421494561863
1.5 0.08313071257174011
1.5099999999999998 0.07280945710301523
1.5200000000000005 0.06247147187251237
1.5300000000000002 0.05211778701285823
1.54 0.041749439456231885
1.5499999999999998 0.03136747293436865
1.5600000000000005 0.02097293797855814
1.5700000000000003 0.010566891919648151
1.58 0.00015039888803886764
1.5899999999999999 -0.010275470186313244
1.6000000000000005 -0.020709637573897512
1.6100000000000003 -0.031151018745644958
1.62 -0.04159852237293431
1.63 -0.05205105032758803
1.6399999999999997 -0.06250749768187339
1.6500000000000004 -0.07296675270850292
1.6600000000000001 -0.08342769688063165
1.67 -0.09388920487186189
1.6799999999999997 -0.10435014455623949
1.6900000000000004 -0.11480937700825625
1.7000000000000002 -0.12526575650284583
1.71 -0.13571813051538936
1.7199999999999998 -0.14616533972171183
1.7300000000000004 -0.15660621799808377
1.7400000000000002 -0.1670395924212178
1.75 -0.1774642832682739
1.7599999999999998 -0.18787910401685587
1.7700000000000005 -0.19828286134501327
1.7800000000000002 -0.2086743551312375
1.79 -0.21905237845446737
1.7999999999999998 -0.22941571759408574
1.8100000000000005 -0.2397631520299209
1.8200000000000003 -0.25009345444224323
1.83 -0.26040539071177055
1.8399999999999999 -0.2706977199196642
1.8500000000000005 -0.28096919434753154
1.8600000000000003 -0.2912185594774221
1.87 -0.3014445539918321
1.88 -0.3116459097737023
1.8899999999999997 -0.3218213519064178
1.9000000000000004 -0.3319695986738095
1.9100000000000001 -0.34208936156015013
1.92 -0.35217934525016004
1.9299999999999997 -0.3622382476290033
1.9400000000000004 -0.37226475978228973
1.9500000000000002 -0.38225756599607086
1.96 -0.39221534375684586
1.9699999999999998 -0.402136763751558
1.9800000000000004 -0.41202048986759543
1.9900000000000002 -0.4218651791927891
2.0 -0.431669482015417
2.01 -0.44143204182420087
2.0200000000000005 -0.4511514953083082
2.0300000000000002 -0.46082647235734864
2.04 -0.47045559606137893
2.05 -0.4800374827108999
2.0600000000000005 -0.4895707417968579
2.0700000000000003 -0.4990539760106413
2.08 -0.5084857812440859
2.09 -0.5178647465894715
2.1000000000000005 -0.5271894543395229
2.1100000000000003 -0.536458479987408
2.12 -0.545670392226741
2.13 -0.5548237529515806
2.1399999999999997 -0.56391711725643
2.1500000000000004 -0.572949033436238
2.16 -0.5819180429863956
2.17 -0.590822680602741
2.1799999999999997 -0.5996614741815564
2.1900000000000004 -0.6084329448195692
2.2 -0.6171356068139496
2.21 -0.6257679676623148
2.2199999999999998 -0.6343285280627254
2.2300000000000004 -0.6428157819136882
2.24 -0.651228216314152
2.25 -0.6595643115635127
2.26 -0.6678225411616102
2.2700000000000005 -0.67600137180873
2.2800000000000002 -0.6840992634055998
2.29 -0.6921146690533945
2.3 -0.7000460350537325
2.3100000000000005 -0.7078918009086783
2.3200000000000003 -0.715650399320739
2.33 -0.7233202561928678
2.34 -0.7308997906284622
2.3500000000000005 -0.738387414931366
2.3600000000000003 -0.745781534605864
2.37 -0.7530805483566895
2.38 -0.7602828480890184
2.3899999999999997 -0.7673868189084724
2.4000000000000004 -0.774390839121118
2.41 -0.7812932802334644
2.42 -0.788092506952468
2.4299999999999997 -0.7947868771855289
2.4400000000000004 -0.8013747420404925
2.45 -0.807854445825647
2.46 -0.8142243260497276
2.4699999999999998 -0.820482713421913
2.4800000000000004 -0.8266279318518279
2.49 -0.8326582984495392
2.5 -0.8385721235255611
2.51 -0.8443677105908514
2.5200000000000005 -0.8500433563568129
2.5300000000000002 -0.8555973507352923
2.54 -0.8610279768385821
2.55 -0.866333510979419
2.5600000000000005 -0.8715122226709853
2.5700000000000003 -0.8765623746269058
2.58 -0.8814822227612522
2.59 -0.8862700161885404
2.6000000000000005 -0.8909239972237307
2.6100000000000003 -0.8954424013822279
2.62 -0.8998234573798819
2.63 -0.9040653871329875
2.6399999999999997 -0.9081664057582839
2.6500000000000004 -0.9121247215729553
2.66 -0.9159385360946299
2.67 -0.9196060440413817
2.6799999999999997 -0.9231254333317285
2.6900000000000004 -0.9264948850846337
2.7 -0.9297125736195042
2.71 -0.9327766664561927
2.7199999999999998 -0.9356853243149963
2.7300000000000004 -0.9384367011166569
2.74 -0.9410289439823605
2.75 -0.9434601932337389
2.76 -0.9457285823928674
2.7700000000000005 -0.9478322381822676
2.7800000000000002 -0.949769280524904
2.79 -0.9515378225441871
2.8 -0.9531359705639715
2.8100000000000005 -0.9545618241085569
2.8200000000000003 -0.9558134759026876
2.83 -0.9568890118715526
2.84 -0.9577865111407856
2.8500000000000005 -0.9585040460364648
2.8600000000000003 -0.9590396820851138
2.87 -0.9593914780137
2.88 -0.9595574857496362
2.8899999999999997 -0.9595357504207797
2.9000000000000004 -0.9593243103554326
2.91 -0.9589211970823416
2.92 -0.9583244353306981
2.9299999999999997 -0.9575320430301386
2.9400000000000004 -0.9565420313107434
2.95 -0.9553524045030389
2.96 -0.953961160137995
2.9699999999999998 -0.9523662889470269
2.9800000000000004 -0.950565774861994
2.99 -0.9485575950152019
3.0 -0.9463397197393988
