-3.0 1.983784565817638
-2.99 1.9870496984229118
-2.98 1.9862545312523192
-2.97 1.9821420147086792
-2.96 1.975360330342224
-2.95 1.966471960971443
-2.94 1.9559620825401323
-2.93 1.9442463182727616
-2.92 1.9316778937291161
-2.91 1.9185542294319353
-2.9 1.9051230060453193
-2.89 1.8915877351566162
-2.88 1.8781128672982395
-2.87 1.8648284668768687
-2.86 1.8518344826453177
-2.85 1.8392046403313937
-2.84 1.8269899830621754
-2.83 1.8152220836740072
-2.82 1.8039159516340406
-2.81 1.7930726563183335
-2.8 1.7826816869125122
-2.79 1.7727230682293311
-2.78 1.763169250700637
-2.77 1.753986791592476
-2.76 1.7451378436228662
-2.75 1.7365814662541232
-2.74 1.7282747738714073
-2.73 1.7201739343710742
-2.7199999999999998 1.712235030745151
-2.71 1.7044147975361181
-2.7 1.6966712432338698
-2.69 1.6889641690282593
-2.68 1.681255593629463
-2.67 1.6735100932475333
-2.66 1.6656950651623326
-2.65 1.6577809228161067
-2.64 1.6497412297581573
-2.63 1.6415527792243694
-2.62 1.633195625745541
-2.61 1.6246530745881058
-2.6 1.6159116344644335
-2.59 1.6069609385080328
-2.58 1.5977936381323323
-2.57 1.5884052739670758
-2.56 1.5787941277963262
-2.55 1.5689610589949565
-2.54 1.558909328743966
-2.53 1.5486444149314096
-2.52 1.5381738204080728
-2.51 1.5275068770242557
-2.5 1.5166545475790032
-2.49 1.5056292276303396
-2.48 1.4944445489018119
-2.4699999999999998 1.4831151857693536
-2.46 1.4716566662196504
-2.45 1.4600851883863863
-2.44 1.448417443725883
-2.4299999999999997 1.4366704476448822
-2.42 1.4248613783221142
-2.41 1.413007424308166
-2.4 1.4011256413853315
-2.39 1.3892328190365468
-2.38 1.377345356811692
-2.37 1.365479150758272
-2.36 1.3536494900046858
-2.35 1.3418709635302133
-2.34 1.3301573770631292
-2.33 1.318521679996825
-2.32 1.3069759021721308
-2.31 1.2955311002926657
-2.3 1.2841973137395737
-2.29 1.2729835294690508
-2.2800000000000002 1.2618976556925148
-2.27 1.250946503948936
-2.26 1.240135779225189
-2.25 1.229470077702418
-2.24 1.2189528917182335
-2.23 1.2085866215167176
-2.2199999999999998 1.198372593349674
-2.21 1.1883110834803041
-2.2 1.1784013476419957
-2.19 1.1686416555036072
-2.1799999999999997 1.1590293296909782
-2.17 1.1495607889149988
-2.16 1.1402315947730377
-2.15 1.131036501785221
-2.14 1.1219695102377245
-2.13 1.1130239214217197
-2.12 1.104192394864703
-2.11 1.0954670071556574
-2.1 1.0868393119911028
-2.09 1.078300401077172
-2.08 1.0698409655352434
-2.07 1.0614513574779831
-2.06 1.0531216514432438
-2.05 1.0448417053742052
-2.04 1.0366012208740858
-2.0300000000000002 1.028389802455168
-2.02 1.0201970155452194
-2.01 1.0120124430075725
-2.0 1.003825739966791
-1.99 0.99562668674017
-1.98 0.9874052396940144
-1.97 0.979151579860439
-1.96 0.9708561591714919
-1.95 0.9625097441750292
-1.94 0.9541034571245468
-1.93 0.9456288143391606
-1.92 0.937077761756032
-1.91 0.9284427076028806
-1.9 0.9197165521421374
-1.89 0.910892714445672
-1.88 0.9019651561726479
-1.8699999999999999 0.892928402344087
-1.8599999999999999 0.8837775591068008
-1.8499999999999999 0.8745083285065615
-1.84 0.865117020287938
-1.83 0.8556005607583671
-1.82 0.8459564987609053
-1.81 0.8361830088085895
-1.8 0.8262788914461184
-1.79 0.8162435709066908
-1.78 0.8060770901480631
-1.77 0.7957801033514703
-1.76 0.7853538659783214
-1.75 0.7748002224845116
-1.74 0.7641215917960263
-1.73 0.7533209506581551
-1.72 0.7424018149709889
-1.71 0.731368219229771
-1.7 0.7202246941938442
-1.69 0.7089762429050332
-1.68 0.6976283151860175
-1.67 0.6861867807443734
-1.66 0.6746579010141875
-1.65 0.6630482998643117
-1.64 0.6513649333058273
-1.63 0.6396150583293282
-1.6199999999999999 0.6278062010015287
-1.6099999999999999 0.6159461239538251
-1.5999999999999999 0.604042793388136
-1.59 0.5921043457293242
-1.58 0.5801390540487935
-1.57 0.5681552943811473
-1.56 0.5561615120557675
-1.55 0.5441661881593985
-1.54 0.5321778062445655
-1.53 0.5202048193951277
-1.52 0.5082556177552268
-1.51 0.4963384966261503
-1.5 0.48446162522996683
-1.49 0.4726330162352822
-1.48 0.4608604961356972
-1.47 0.4491516765677409
-1.46 0.4375139266491935
-1.45 0.42595434641538665
-1.44 0.41447974142461896
-1.43 0.4030965986003988
-1.42 0.39181106337185345
-1.41 0.38062891816954314
-1.4 0.3695555623282687
-1.39 0.3585959934432309
-1.38 0.34775479022151445
-1.3699999999999999 0.3370360968645301
-1.3599999999999999 0.3264436090128992
-1.3499999999999999 0.3159805612798578
-1.3399999999999999 0.3056497163937604
-1.33 0.2954533559661646
-1.32 0.2853932728959001
-1.31 0.27547076541585197
-1.3 0.26568663278314625
-1.29 0.2560411726100701
-1.28 0.24653417982713782
-1.27 0.23716494726637075
-1.26 0.2279322678477361
-1.25 0.21883443834780247
-1.24 0.2098692647256321
-1.23 0.20103406897672643
-1.22 0.19232569748222036
-1.21 0.1837405308169489
-1.2 0.17527449497619024
-1.19 0.16692307397806974
-1.18 0.1586813237949654
-1.17 0.15054388756456294
-1.16 0.1425050120283062
-1.15 0.13455856514243572
-1.14 0.1266980548042519
-1.13 0.11891664863400997
-1.1199999999999999 0.11120719475084334
-1.1099999999999999 0.10356224347912239
-1.0999999999999999 0.09597406992002037
-1.0899999999999999 0.08843469732147757
-1.08 0.08093592117836436
-1.07 0.07346933399376868
-1.06 0.06602635063088769
-1.05 0.05859823418472555
-1.04 0.05117612230180693
-1.03 0.043751053875903924
-1.02 0.036313996047480326
-1.01 0.02885587143443185
-1.0 0.0213675855218389
-0.9899999999999998 0.01384005413879159
-0.98 0.00626423095059421
-0.9699999999999998 -0.0013688651045293664
-0.96 -0.009068122504520191
-0.9500000000000002 -0.01684231002767978
-0.94 -0.024700049900181684
-0.9300000000000002 -0.03264979127404645
-0.9199999999999999 -0.04069978410125019
-0.9100000000000001 -0.04885805346823459
-0.8999999999999999 -0.05713237445343765
-0.8900000000000001 -0.0655302475688049
-0.8799999999999999 -0.07405887484430836
-0.8700000000000001 -0.08272513661258481
-0.8599999999999999 -0.09153556904875106
-0.8500000000000001 -0.10049634251823804
-0.8399999999999999 -0.10961324078326583
-0.8300000000000001 -0.11889164111619471
-0.8199999999999998 -0.12833649536556854
-0.81 -0.13795231201814342
-0.7999999999999998 -0.1477431392976121
-0.79 -0.15771254933807047
-0.7799999999999998 -0.16786362346759975
-0.77 -0.1781989386345194
-0.7599999999999998 -0.18872055500611773
-0.75 -0.19943000476678052
-0.7399999999999998 -0.21032828213958268
-0.73 -0.22141583465246428
-0.7199999999999998 -0.23269255566725894
-0.71 -0.24415777818680565
-0.6999999999999997 -0.2558102699525017
-0.69 -0.2676482298416666
-0.6800000000000002 -0.27966928557114157
-0.6699999999999999 -0.291870492710626
-0.6600000000000001 -0.3042483350062955
-0.6499999999999999 -0.316798726012392
-0.6400000000000001 -0.32951701202554534
-0.6299999999999999 -0.34239797631379953
-0.6200000000000001 -0.35543584462944644
-0.6099999999999999 -0.36862429199207924
-0.6000000000000001 -0.3819564507254874
-0.5899999999999999 -0.39542491972941834
-0.5800000000000001 -0.40902177496457337
-0.5699999999999998 -0.42273858112669654
-0.56 -0.43656640448312234
-0.5499999999999998 -0.45049582684274503
-0.54 -0.46451696062804293
-0.5299999999999998 -0.4786194650155404
-0.52 -0.49279256310891334
-0.5099999999999998 -0.50702506010688
-0.5 -0.5213053624259945
-0.48999999999999977 -0.5356214977365984
-0.48 -0.5499611358683419
-0.46999999999999975 -0.5643116105400243
-0.45999999999999996 -0.5786599418668469
-0.44999999999999973 -0.5929928595967274
-0.43999999999999995 -0.6072968270258772
-0.43000000000000016 -0.6215580655426036
-0.41999999999999993 -0.6357625797470792
-0.41000000000000014 -0.6498961830937844
-0.3999999999999999 -0.6639445240023718
-0.3900000000000001 -0.6778931123818362
-0.3799999999999999 -0.6917273465121918
-0.3700000000000001 -0.7054325402272035
-0.3599999999999999 -0.7189939503412616
-0.3500000000000001 -0.732396804263087
-0.33999999999999986 -0.7456263277387107
-0.33000000000000007 -0.7586677726660055
-0.31999999999999984 -0.7715064449230493
-0.31000000000000005 -0.7841277321526444
-0.2999999999999998 -0.7965171314455636
-0.29000000000000004 -0.8086602768653661
-0.2799999999999998 -0.8205429667580908
-0.27 -0.8321511907906382
-0.2599999999999998 -0.8434711566623342
-0.25 -0.8544893164348976
-0.23999999999999977 -0.8651923924269186
-0.22999999999999998 -0.8755674026199028
-0.21999999999999975 -0.8856016855240274
-0.20999999999999996 -0.8952829244529036
-0.19999999999999973 -0.9045991711579231
-0.18999999999999995 -0.913538868774119
-0.18000000000000016 -0.9220908740309286
-0.16999999999999993 -0.9302444786827871
-0.16000000000000014 -0.9379894301161045
-0.1499999999999999 -0.9453159510908993
-0.14000000000000012 -0.9522147585771369
-0.1299999999999999 -0.9586770816476988
-0.1200000000000001 -0.9646946783918355
-0.10999999999999988 -0.9702598518149648
-0.10000000000000009 -0.9753654646927475
-0.08999999999999986 -0.9800049533494966
-0.08000000000000007 -0.984172340333161
-0.06999999999999984 -0.987862245961371
-0.06000000000000005 -0.9910698987153018
-0.04999999999999982 -0.9937911444604552
-0.040000000000000036 -0.9960224544758141
-0.029999999999999805 -0.9977609322752328
-0.020000000000000018 -0.9990043192073599
-0.009999999999999787 -0.999750998822835
0.0 -1.0
0.010000000000000231 -0.9997509988228349
0.020000000000000018 -0.9990043192073598
0.03000000000000025 -0.9977609322752329
0.040000000000000036 -0.9960224544758141
0.050000000000000266 -0.9937911444604554
0.06000000000000005 -0.991069898715302
0.07000000000000028 -0.9878622459613711
0.08000000000000007 -0.9841723403331611
0.08999999999999986 -0.9800049533494968
0.10000000000000009 -0.9753654646927478
0.10999999999999988 -0.9702598518149647
0.1200000000000001 -0.9646946783918355
0.1299999999999999 -0.958677081647699
0.14000000000000012 -0.9522147585771371
0.1499999999999999 -0.9453159510908995
0.16000000000000014 -0.9379894301161045
0.16999999999999993 -0.9302444786827873
0.18000000000000016 -0.9220908740309287
0.18999999999999995 -0.9135388687741192
0.20000000000000018 -0.9045991711579233
0.20999999999999996 -0.8952829244529039
0.2200000000000002 -0.8856016855240273
0.22999999999999998 -0.8755674026199031
0.2400000000000002 -0.8651923924269185
0.25 -0.8544893164348979
0.26000000000000023 -0.8434711566623341
0.27 -0.8321511907906387
0.28000000000000025 -0.8205429667580909
0.29000000000000004 -0.8086602768653667
0.30000000000000027 -0.7965171314455634
0.31000000000000005 -0.7841277321526449
0.3200000000000003 -0.7715064449230491
0.33000000000000007 -0.758667772666006
0.33999999999999986 -0.7456263277387111
0.3500000000000001 -0.7323968042630873
0.3599999999999999 -0.718993950341262
0.3700000000000001 -0.7054325402272039
0.3799999999999999 -0.6917273465121925
0.3900000000000001 -0.6778931123818366
0.3999999999999999 -0.6639445240023722
0.41000000000000014 -0.6498961830937848
0.41999999999999993 -0.6357625797470798
0.43000000000000016 -0.6215580655426042
0.43999999999999995 -0.6072968270258775
0.4500000000000002 -0.5929928595967272
0.45999999999999996 -0.5786599418668472
0.4700000000000002 -0.5643116105400243
0.48 -0.5499611358683426
0.4900000000000002 -0.5356214977365983
0.5 -0.5213053624259953
0.5100000000000002 -0.50702506010688
0.52 -0.4927925631089138
0.5300000000000002 -0.47861946501554026
0.54 -0.46451696062804354
0.5500000000000003 -0.45049582684274536
0.56 -0.43656640448312295
0.5700000000000003 -0.4227385811266968
0.5800000000000001 -0.4090217749645741
0.5899999999999999 -0.3954249197294194
0.6000000000000001 -0.3819564507254882
0.6099999999999999 -0.36862429199208
0.6200000000000001 -0.35543584462944744
0.6299999999999999 -0.3423979763138003
0.6400000000000001 -0.32951701202554634
0.6499999999999999 -0.3167987260123924
0.6600000000000001 -0.304248335006296
0.6699999999999999 -0.2918704927106266
0.6800000000000002 -0.2796692855711423
0.69 -0.267648229841667
0.7000000000000002 -0.2558102699525024
0.71 -0.24415777818680656
0.7200000000000002 -0.2326925556672594
0.73 -0.2214158346524647
0.7400000000000002 -0.2103282821395827
0.75 -0.19943000476678224
0.7600000000000002 -0.18872055500611803
0.77 -0.17819893863452024
0.7800000000000002 -0.1678636234676008
0.79 -0.15771254933807174
0.8000000000000003 -0.14774313929761237
0.81 -0.1379523120181444
0.8200000000000003 -0.12833649536556863
0.8300000000000001 -0.11889164111619505
0.8399999999999999 -0.10961324078326659
0.8500000000000001 -0.10049634251823872
0.8599999999999999 -0.09153556904875187
0.8700000000000001 -0.08272513661258571
0.8799999999999999 -0.07405887484430936
0.8900000000000001 -0.06553024756880631
0.8999999999999999 -0.057132374453438765
0.9100000000000001 -0.048858053468236115
0.9199999999999999 -0.040699784101253036
0.9300000000000002 -0.03264979127404688
0.94 -0.024700049900181834
0.9500000000000002 -0.01684231002768057
0.96 -0.009068122504521756
0.9700000000000002 -0.0013688651045277982
0.98 0.006264230950593646
0.9900000000000002 0.013840054138789727
1.0 0.021367585521837193
1.0099999999999998 0.028855871434428082
1.0200000000000005 0.036313996047480014
1.0300000000000002 0.043751053875901696
1.04 0.05117612230180451
1.0499999999999998 0.058598234184725866
1.0600000000000005 0.06602635063088833
1.0700000000000003 0.07346933399376816
1.08 0.08093592117836577
1.0899999999999999 0.08843469732147485
1.0999999999999996 0.095974069920023
1.1100000000000003 0.10356224347911916
1.12 0.11120719475083926
1.13 0.11891664863400916
1.1399999999999997 0.1266980548042515
1.1500000000000004 0.13455856514243444
1.1600000000000001 0.142505012028302
1.17 0.15054388756456172
1.1799999999999997 0.1586813237949673
1.1900000000000004 0.16692307397806674
1.2000000000000002 0.175274494976182
1.21 0.18374053081694236
1.2199999999999998 0.19232569748222114
1.2300000000000004 0.20103406897672105
1.2400000000000002 0.20986926472562878
1.25 0.21883443834779712
1.2599999999999998 0.22793226784773324
1.2700000000000005 0.237164947266376
1.2800000000000002 0.24653417982713807
1.29 0.2560411726100671
1.2999999999999998 0.26568663278314664
1.3100000000000005 0.2754707654158459
1.3200000000000003 0.28539327289590616
1.33 0.29545335596615663
1.3399999999999999 0.30564971639375993
1.3500000000000005 0.3159805612798489
1.3600000000000003 0.3264436090128995
1.37 0.3370360968645186
1.38 0.34775479022150774
1.3899999999999997 0.358595993443218
1.4000000000000004 0.3695555623282511
1.4100000000000001 0.38062891816954625
1.42 0.3918110633718459
1.4299999999999997 0.4030965986003949
1.4400000000000004 0.41447974142462385
1.4500000000000002 0.4259543464153882
1.46 0.43751392664920313
1.4699999999999998 0.44915167656773236
1.4800000000000004 0.460860496135698
1.4900000000000002 0.47263301623526727
1.5 0.4844616252299616
1.5099999999999998 0.4963384966261363
1.5200000000000005 0.5082556177552255
1.5300000000000002 0.520204819395142
1.54 0.5321778062445752
1.5499999999999998 0.5441661881593625
1.5600000000000005 0.556161512055752
1.5700000000000003 0.5681552943811329
1.58 0.5801390540487881
1.5899999999999999 0.5921043457293627
1.6000000000000005 0.6040427933881447
1.6100000000000003 0.6159461239538568
1.62 0.6278062010015506
1.63 0.6396150583293032
1.6399999999999997 0.6513649333058863
1.6500000000000004 0.6630482998643086
1.6600000000000001 0.6746579010141918
1.67 0.686186780744388
1.6799999999999997 0.6976283151859801
1.6900000000000004 0.7089762429050108
1.7000000000000002 0.7202246941938092
1.71 0.7313682192297871
1.7199999999999998 0.742401814970944
1.7300000000000004 0.7533209506582094
1.7400000000000002 0.7641215917960369
1.75 0.7748002224844969
1.7599999999999998 0.7853538659783513
1.7700000000000005 0.7957801033514531
1.7800000000000002 0.8060770901480792
1.79 0.816243570906709
1.7999999999999998 0.82627889144611
1.8100000000000005 0.8361830088085916
1.8200000000000003 0.8459564987607755
1.83 0.8556005607583592
1.8399999999999999 0.8651170202879888
1.8500000000000005 0.8745083285066454
1.8600000000000003 0.883777559106794
1.87 0.892928402343994
1.88 0.9019651561726973
1.8899999999999997 0.9108927144456114
1.9000000000000004 0.9197165521422154
1.9100000000000001 0.9284427076028334
1.92 0.9370777617560594
1.9299999999999997 0.9456288143392724
1.9400000000000004 0.9541034571245139
1.9500000000000002 0.9625097441750434
1.96 0.9708561591714879
1.9699999999999998 0.979151579860572
1.9800000000000004 0.987405239694015
1.9900000000000002 0.9956266867401943
2.0 1.003825739966663
2.01 1.0120124430074324
2.0200000000000005 1.0201970155451896
2.0300000000000002 1.028389802455125
2.04 1.0366012208738942
2.05 1.0448417053742403
2.0600000000000005 1.0531216514430606
2.0700000000000003 1.0614513574780036
2.08 1.0698409655351082
2.09 1.078300401077335
2.1000000000000005 1.0868393119911743
2.1100000000000003 1.0954670071556305
2.12 1.1041923948647856
2.13 1.1130239214216928
2.1399999999999997 1.1219695102375007
2.1500000000000004 1.1310365017852966
2.16 1.1402315947731274
2.17 1.1495607889148962
2.1799999999999997 1.1590293296911212
2.1900000000000004 1.1686416555039507
2.2 1.1784013476419661
2.21 1.188311083480281
2.2199999999999998 1.198372593349862
2.2300000000000004 1.2085866215169436
2.24 1.218952891718467
2.25 1.229470077702692
2.26 1.2401357792251122
2.2700000000000005 1.2509465039485415
2.2800000000000002 1.261897655692371
2.29 1.2729835294694027
2.3 1.2841973137390525
2.3100000000000005 1.295531100292899
2.3200000000000003 1.3069759021722283
2.33 1.3185216799971815
2.34 1.3301573770629982
2.3500000000000005 1.341870963530467
2.3600000000000003 1.353649490004677
2.37 1.3654791507582185
2.38 1.377345356811759
2.3899999999999997 1.3892328190361418
2.4000000000000004 1.4011256413853512
2.41 1.4130074243086086
2.42 1.4248613783220307
2.4299999999999997 1.4366704476453023
2.4400000000000004 1.4484174437263435
2.45 1.460085188386429
2.46 1.4716566662192982
2.4699999999999998 1.4831151857699187
2.4800000000000004 1.4944445489013114
2.49 1.5056292276306482
2.5 1.5166545475782098
2.51 1.5275068770241036
2.5200000000000005 1.5381738204074584
2.5300000000000002 1.548644414930403
2.54 1.5589093287439602
2.55 1.568961058994392
2.5600000000000005 1.578794127795848
2.5700000000000003 1.58840527396773
2.58 1.597793638132277
2.59 1.606960938508722
2.6000000000000005 1.6159116344643147
2.6100000000000003 1.6246530745886418
2.62 1.6331956257453004
2.63 1.6415527792231515
2.6399999999999997 1.649741229757339
2.6500000000000004 1.6577809228170186
2.66 1.6656950651614144
2.67 1.6735100932474818
2.6799999999999997 1.6812555936300189
2.6900000000000004 1.688964169027657
2.7 1.696671243234576
2.71 1.7044147975370774
2.7199999999999998 1.7122350307450582
2.7300000000000004 1.7201739343699503
2.74 1.7282747738714828
2.75 1.7365814662546075
2.76 1.7451378436236815
2.7700000000000005 1.75398679159239
2.7800000000000002 1.7631692507034118
2.79 1.772723068230228
2.8 1.782681686913216
2.8100000000000005 1.7930726563219042
2.8200000000000003 1.8039159516333467
2.83 1.8152220836716038
2.84 1.8269899830635146
2.8500000000000005 1.839204640329871
2.8600000000000003 1.8518344826468505
2.87 1.8648284668786121
2.88 1.8781128672962621
2.8899999999999997 1.891587735159416
2.9000000000000004 1.9051230060421247
2.91 1.9185542294332778
2.92 1.9316778937306565
2.9299999999999997 1.944246318275475
2.9400000000000004 1.9559620825385688
2.95 1.9664719609680081
2.96 1.9753603303387977
2.9699999999999998 1.98214201470599
2.9800000000000004 1.9862545312508315
2.99 1.9870496984229427
3.0 1.9837845658175919
