-3.0 2.4641016151377544
-2.99 2.441046094388117
-2.98 2.4180675536743683
-2.97 2.395165992996514
-2.96 2.37234141235455
-2.95 2.3495938117484787
-2.94 2.3269231911782997
-2.93 2.3043295506440122
-2.92 2.281812890145617
-2.91 2.2593732096831145
-2.9 2.2370105092565016
-2.89 2.2147247888657837
-2.88 2.1925160485109547
-2.87 2.170384288192019
-2.86 2.148329507908975
-2.85 2.126351707661824
-2.84 2.1044508874505636
-2.83 2.0826270472751967
-2.82 2.0608801871357194
-2.81 2.0392103070321363
-2.8 2.017617406964444
-2.79 1.9961014869326448
-2.78 1.9746625469367354
-2.77 1.9533005869767202
-2.76 1.9320156070525956
-2.75 1.9108076071643634
-2.74 1.8896765873120245
-2.73 1.8686225474955753
-2.7199999999999998 1.8476454877150177
-2.71 1.8267454079703542
-2.7 1.8059223082615814
-2.69 1.785176188588701
-2.68 1.764507048951713
-2.67 1.7439148893506147
-2.66 1.7233997097854115
-2.65 1.702961510256098
-2.64 1.682600290762677
-2.63 1.6623160513051483
-2.62 1.642108791883512
-2.61 1.6219785124977664
-2.6 1.601925213147914
-2.59 1.5819488938339523
-2.58 1.562049554555884
-2.57 1.5422271953137061
-2.56 1.5224818161074216
-2.55 1.5028134169370277
-2.54 1.4832219978025272
-2.53 1.4637075587039172
-2.52 1.4442700996411997
-2.51 1.4249096206143737
-2.5 1.405626121623441
-2.49 1.3864196026683997
-2.48 1.367290063749249
-2.4699999999999998 1.3482375048659918
-2.46 1.329261926018626
-2.45 1.3103633272071527
-2.44 1.2915417084315708
-2.4299999999999997 1.2727970696918804
-2.42 1.2541294109880825
-2.41 1.2355387323201779
-2.4 1.217025033688163
-2.39 1.1985883150920413
-2.38 1.1802285765318112
-2.37 1.1619458180074727
-2.36 1.1437400395190265
-2.35 1.1256112410664727
-2.34 1.1075594226498104
-2.33 1.0895845842690397
-2.32 1.0716867259241614
-2.31 1.0538658476151754
-2.3 1.0361219493420801
-2.29 1.0184550311048781
-2.2800000000000002 1.0008650929035676
-2.27 0.9833521347381486
-2.26 0.9659161566086212
-2.25 0.948557158514987
-2.24 0.9312751404572444
-2.23 0.9140701024353932
-2.2199999999999998 0.8969420444494345
-2.21 0.8798909664993673
-2.2 0.8629168685851933
-2.19 0.84601975070691
-2.1799999999999997 0.8291996128645183
-2.17 0.8124564550580193
-2.16 0.7957902772874128
-2.15 0.7792010795526965
-2.14 0.7626888618538739
-2.13 0.7462536241909419
-2.12 0.7298953665639032
-2.11 0.7136140889727551
-2.1 0.6974097914175004
-2.09 0.6812824738981362
-2.08 0.6652321364146649
-2.07 0.6492587789670852
-2.06 0.6333624015553974
-2.05 0.6175430041796011
-2.04 0.6018005868396981
-2.0300000000000002 0.5861351495356866
-2.02 0.5705466922675662
-2.01 0.5550352150353381
-2.0 0.5396007178390021
-1.99 0.5242432006785585
-1.98 0.5089626635540063
-1.97 0.4937591064653466
-1.96 0.47863252941257795
-1.95 0.4635829323957017
-1.94 0.4486103154147174
-1.93 0.4337146784696251
-1.92 0.4188960215604247
-1.91 0.4041543446871163
-1.9 0.38948964784969986
-1.89 0.3749019310481754
-1.88 0.36039119428254285
-1.8699999999999999 0.34595743755280184
-1.8599999999999999 0.3316006608589537
-1.8499999999999999 0.3173208642009966
-1.84 0.3031180475789319
-1.83 0.2889922109927592
-1.82 0.27494335444247797
-1.81 0.26097147792808917
-1.8 0.24707658144959233
-1.79 0.23325866500698744
-1.78 0.21951772860027363
-1.77 0.2058537722294531
-1.76 0.19226679589452367
-1.75 0.17875679959548663
-1.74 0.1653237833323411
-1.73 0.15196774710508754
-1.72 0.13868869091372638
-1.71 0.12548661475825673
-1.7 0.11236151863867949
-1.69 0.09931340255499421
-1.68 0.08634226650720045
-1.67 0.07344811049529865
-1.66 0.060630934519288804
-1.65 0.047890738579171366
-1.64 0.035227522674945444
-1.63 0.022641286806611483
-1.6199999999999999 0.010132030974169481
-1.6099999999999999 -0.0023002448223801153
-1.5999999999999999 -0.014655540583038196
-1.59 -0.026933856307803872
-1.58 -0.039135191996678476
-1.57 -0.05125954764966023
-1.56 -0.06330692326675047
-1.55 -0.07527731884794875
-1.54 -0.08717073439325551
-1.53 -0.09898716990266943
-1.52 -0.11072662537619182
-1.51 -0.12238910081382226
-1.5 -0.13397459621556074
-1.49 -0.1454831115814077
-1.48 -0.15691464691136225
-1.47 -0.1682692022054244
-1.46 -0.17954677746359549
-1.45 -0.19074737268587416
-1.44 -0.20187098787226043
-1.43 -0.21291762302275563
-1.42 -0.22388727813735843
-1.41 -0.2347799532160697
-1.4 -0.24559564825888858
-1.39 -0.2563343632658155
-1.38 -0.2669960982368509
-1.3699999999999999 -0.2775808531719939
-1.3599999999999999 -0.2880886280712449
-1.3499999999999999 -0.298519422934604
-1.3399999999999999 -0.30887323776207154
-1.33 -0.3191500725536467
-1.32 -0.3293499273093301
-1.31 -0.3394728020291218
-1.3 -0.34951869671302105
-1.29 -0.3594876113610288
-1.28 -0.3693795459731444
-1.27 -0.37919450054936776
-1.26 -0.38893247508969964
-1.25 -0.39859346959413955
-1.24 -0.4081774840626873
-1.23 -0.41768451849534305
-1.22 -0.42711457289210664
-1.21 -0.43646764725297893
-1.2 -0.44574374157795904
-1.19 -0.45494285586704697
-1.18 -0.46406499012024294
-1.17 -0.4731101443375474
-1.16 -0.48207831851895944
-1.15 -0.4909695126644795
-1.14 -0.4997837267741079
-1.13 -0.5085209608478443
-1.1199999999999999 -0.5171812148856889
-1.1099999999999999 -0.5257644888876412
-1.0999999999999999 -0.5342707828537014
-1.0899999999999999 -0.54270009678387
-1.08 -0.5510524306781466
-1.07 -0.5593277845365314
-1.06 -0.5675261583590239
-1.05 -0.5756475521456246
-1.04 -0.5836919658963333
-1.03 -0.5916593996111505
-1.02 -0.5995498532900752
-1.01 -0.607363326933108
-1.0 -0.6150998205402491
-0.9899999999999998 -0.6227593341114983
-0.98 -0.6303418676468553
-0.9699999999999998 -0.6378474211463205
-0.96 -0.6452759946098936
-0.9500000000000002 -0.6526275880375745
-0.94 -0.6599022014293641
-0.9300000000000002 -0.6670998347852612
-0.9199999999999999 -0.6742204881052669
-0.9100000000000001 -0.6812641613893802
-0.8999999999999999 -0.6882308546376017
-0.8900000000000001 -0.6951205678499313
-0.8799999999999999 -0.7019333010263689
-0.8700000000000001 -0.7086690541669145
-0.8599999999999999 -0.7153278272715682
-0.8500000000000001 -0.7219096203403297
-0.8399999999999999 -0.7284144333731999
-0.8300000000000001 -0.7348422663701775
-0.8199999999999998 -0.7411931193312635
-0.81 -0.7474669922564572
-0.7999999999999998 -0.7536638851457593
-0.79 -0.7597837979991693
-0.7799999999999998 -0.7658267308166875
-0.77 -0.7717926835983135
-0.7599999999999998 -0.7776816563440478
-0.75 -0.7834936490538901
-0.7399999999999998 -0.7892286617278405
-0.73 -0.7948866943658986
-0.7199999999999998 -0.8004677469680651
-0.71 -0.8059718195343394
-0.6999999999999997 -0.8113989120647221
-0.69 -0.8167490245592125
-0.6800000000000002 -0.8220221570178109
-0.6699999999999999 -0.8272183094405177
-0.6600000000000001 -0.8323374818273324
-0.6499999999999999 -0.8373796741782552
-0.6400000000000001 -0.8423448864932858
-0.6299999999999999 -0.8472331187724247
-0.6200000000000001 -0.8520443710156714
-0.6099999999999999 -0.8567786432230267
-0.6000000000000001 -0.8614359353944895
-0.5899999999999999 -0.8660162475300606
-0.5800000000000001 -0.8705195796297396
-0.5699999999999998 -0.8749459316935267
-0.56 -0.879295303721422
-0.5499999999999998 -0.8835676957134253
-0.54 -0.8877631076695364
-0.5299999999999998 -0.8918815395897558
-0.52 -0.8959229914740832
-0.5099999999999998 -0.8998874633225187
-0.5 -0.9037749551350621
-0.48999999999999977 -0.9075854669117137
-0.48 -0.9113189986524732
-0.46999999999999975 -0.9149755503573409
-0.45999999999999996 -0.9185551220263166
-0.44999999999999973 -0.9220577136594004
-0.43999999999999995 -0.925483325256592
-0.43000000000000016 -0.9288319568178919
-0.41999999999999993 -0.9321036083432999
-0.41000000000000014 -0.9352982798328157
-0.3999999999999999 -0.9384159712864397
-0.3900000000000001 -0.9414566827041717
-0.3799999999999999 -0.9444204140860117
-0.3700000000000001 -0.9473071654319599
-0.3599999999999999 -0.9501169367420161
-0.3500000000000001 -0.9528497280161803
-0.33999999999999986 -0.9555055392544527
-0.33000000000000007 -0.9580843704568329
-0.31999999999999984 -0.9605862216233214
-0.31000000000000005 -0.9630110927539177
-0.2999999999999998 -0.9653589838486223
-0.29000000000000004 -0.9676298949074347
-0.2799999999999998 -0.9698238259303554
-0.27 -0.971940776917384
-0.2599999999999998 -0.9739807478685207
-0.25 -0.9759437387837654
-0.23999999999999977 -0.9778297496631181
-0.22999999999999998 -0.9796387805065789
-0.21999999999999975 -0.9813708313141479
-0.20999999999999996 -0.9830259020858247
-0.19999999999999973 -0.9846039928216098
-0.18999999999999995 -0.9861051035215028
-0.18000000000000016 -0.9875292341855039
-0.16999999999999993 -0.9888763848136131
-0.16000000000000014 -0.9901465554058302
-0.1499999999999999 -0.9913397459621553
-0.14000000000000012 -0.9924559564825887
-0.1299999999999999 -0.99349518696713
-0.1200000000000001 -0.9944574374157794
-0.10999999999999988 -0.9953427078285368
-0.10000000000000009 -0.9961509982054023
-0.08999999999999986 -0.9968823085463758
-0.08000000000000007 -0.9975366388514574
-0.06999999999999984 -0.9981139891206471
-0.06000000000000005 -0.9986143593539447
-0.04999999999999982 -0.9990377495513505
-0.040000000000000036 -0.9993841597128642
-0.029999999999999805 -0.9996535898384861
-0.020000000000000018 -0.9998460399282159
-0.009999999999999787 -0.9999615099820538
0.0 -0.9999999999999998
0.010000000000000231 -0.9999615099820538
0.020000000000000018 -0.999846039928216
0.03000000000000025 -0.9996535898384861
0.040000000000000036 -0.9993841597128642
0.050000000000000266 -0.9990377495513505
0.06000000000000005 -0.9986143593539447
0.07000000000000028 -0.9981139891206471
0.08000000000000007 -0.9975366388514574
0.08999999999999986 -0.9968823085463758
0.10000000000000009 -0.9961509982054023
0.10999999999999988 -0.9953427078285368
0.1200000000000001 -0.9944574374157794
0.1299999999999999 -0.99349518696713
0.14000000000000012 -0.9924559564825888
0.1499999999999999 -0.9913397459621555
0.16000000000000014 -0.9901465554058302
0.16999999999999993 -0.9888763848136131
0.18000000000000016 -0.9875292341855039
0.18999999999999995 -0.9861051035215028
0.20000000000000018 -0.9846039928216098
0.20999999999999996 -0.9830259020858249
0.2200000000000002 -0.9813708313141478
0.22999999999999998 -0.979638780506579
0.2400000000000002 -0.9778297496631182
0.25 -0.9759437387837655
0.26000000000000023 -0.9739807478685207
0.27 -0.971940776917384
0.28000000000000025 -0.9698238259303553
0.29000000000000004 -0.9676298949074349
0.30000000000000027 -0.9653589838486223
0.31000000000000005 -0.9630110927539178
0.3200000000000003 -0.9605862216233214
0.33000000000000007 -0.958084370456833
0.33999999999999986 -0.9555055392544527
0.3500000000000001 -0.9528497280161805
0.3599999999999999 -0.9501169367420162
0.3700000000000001 -0.94730716543196
0.3799999999999999 -0.944420414086012
0.3900000000000001 -0.9414566827041718
0.3999999999999999 -0.9384159712864398
0.41000000000000014 -0.9352982798328158
0.41999999999999993 -0.9321036083432999
0.43000000000000016 -0.928831956817892
0.43999999999999995 -0.9254833252565922
0.4500000000000002 -0.9220577136594004
0.45999999999999996 -0.9185551220263167
0.4700000000000002 -0.9149755503573409
0.48 -0.9113189986524735
0.4900000000000002 -0.9075854669117137
0.5 -0.9037749551350622
0.5100000000000002 -0.8998874633225187
0.52 -0.8959229914740833
0.5300000000000002 -0.8918815395897559
0.54 -0.8877631076695366
0.5500000000000003 -0.8835676957134252
0.56 -0.8792953037214222
0.5700000000000003 -0.8749459316935267
0.5800000000000001 -0.8705195796297398
0.5899999999999999 -0.8660162475300608
0.6000000000000001 -0.8614359353944896
0.6099999999999999 -0.8567786432230268
0.6200000000000001 -0.8520443710156718
0.6299999999999999 -0.8472331187724249
0.6400000000000001 -0.842344886493286
0.6499999999999999 -0.8373796741782553
0.6600000000000001 -0.8323374818273325
0.6699999999999999 -0.8272183094405179
0.6800000000000002 -0.8220221570178112
0.69 -0.8167490245592127
0.7000000000000002 -0.811398912064722
0.71 -0.8059718195343397
0.7200000000000002 -0.8004677469680651
0.73 -0.7948866943658989
0.7400000000000002 -0.7892286617278403
0.75 -0.7834936490538902
0.7600000000000002 -0.7776816563440478
0.77 -0.7717926835983139
0.7800000000000002 -0.7658267308166875
0.79 -0.7597837979991696
0.8000000000000003 -0.7536638851457593
0.81 -0.7474669922564575
0.8200000000000003 -0.7411931193312635
0.8300000000000001 -0.7348422663701777
0.8399999999999999 -0.7284144333732
0.8500000000000001 -0.7219096203403301
0.8599999999999999 -0.7153278272715684
0.8700000000000001 -0.7086690541669146
0.8799999999999999 -0.7019333010263692
0.8900000000000001 -0.6951205678499314
0.8999999999999999 -0.688230854637602
0.9100000000000001 -0.6812641613893804
0.9199999999999999 -0.6742204881052671
0.9300000000000002 -0.6670998347852616
0.94 -0.6599022014293644
0.9500000000000002 -0.6526275880375749
0.96 -0.6452759946098938
0.9700000000000002 -0.6378474211463205
0.98 -0.6303418676468555
0.9900000000000002 -0.6227593341114982
1.0 -0.6150998205402495
1.0099999999999998 -0.6073633269331086
1.0200000000000005 -0.5995498532900752
1.0300000000000002 -0.5916593996111504
1.04 -0.5836919658963338
1.0499999999999998 -0.5756475521456251
1.0600000000000005 -0.5675261583590239
1.0700000000000003 -0.5593277845365313
1.08 -0.5510524306781468
1.0899999999999999 -0.5427000967838705
1.0999999999999996 -0.5342707828537021
1.1100000000000003 -0.525764488887641
1.12 -0.5171812148856888
1.13 -0.5085209608478446
1.1399999999999997 -0.4997837267741084
1.1500000000000004 -0.49096951266447963
1.1600000000000001 -0.48207831851895955
1.17 -0.4731101443375475
1.1799999999999997 -0.4640649901202436
1.1900000000000004 -0.45494285586704686
1.2000000000000002 -0.44574374157795904
1.21 -0.43646764725297926
1.2199999999999998 -0.4271145728921075
1.2300000000000004 -0.41768451849534294
1.2400000000000002 -0.4081774840626873
1.25 -0.39859346959413977
1.2599999999999998 -0.3889324750897002
1.2700000000000005 -0.3791945005493679
1.2800000000000002 -0.3693795459731445
1.29 -0.359487611361029
1.2999999999999998 -0.3495186967130217
1.3100000000000005 -0.33947280202912167
1.3200000000000003 -0.3293499273093303
1.33 -0.31915007255364725
1.3399999999999999 -0.3088732377620721
1.3500000000000005 -0.2985194229346041
1.3600000000000003 -0.28808862807124513
1.37 -0.2775808531719941
1.38 -0.2669960982368512
1.3899999999999997 -0.2563343632658164
1.4000000000000004 -0.24559564825888858
1.4100000000000001 -0.23477995321606981
1.42 -0.2238872781373591
1.4299999999999997 -0.21291762302275652
1.4400000000000004 -0.20187098787226088
1.4500000000000002 -0.19074737268587438
1.46 -0.17954677746359582
1.4699999999999998 -0.1682692022054254
1.4800000000000004 -0.15691464691136203
1.4900000000000002 -0.1454831115814076
1.5 -0.1339745962155613
1.5099999999999998 -0.12238910081382315
1.5200000000000005 -0.11072662537619182
1.5300000000000002 -0.09898716990266976
1.54 -0.08717073439325562
1.5499999999999998 -0.07527731884794964
1.5600000000000005 -0.06330692326675058
1.5700000000000003 -0.051259547649660675
1.58 -0.0391351919966787
1.5899999999999999 -0.02693385630780487
1.6000000000000005 -0.014655540583038085
1.6100000000000003 -0.0023002448223802263
1.62 0.01013203097416937
1.63 0.02264128680661104
1.6399999999999997 0.03522752267494467
1.6500000000000004 0.047890738579171255
1.6600000000000001 0.06063093451928869
1.67 0.0734481104952982
1.6799999999999997 0.08634226650719945
1.6900000000000004 0.09931340255499388
1.7000000000000002 0.11236151863867927
1.71 0.1254866147582564
1.7199999999999998 0.1386886909137256
1.7300000000000004 0.15196774710508787
1.7400000000000002 0.16532378333234088
1.75 0.17875679959548596
1.7599999999999998 0.1922667958945229
1.7700000000000005 0.205853772229453
1.7800000000000002 0.21951772860027385
1.79 0.23325866500698667
1.7999999999999998 0.24707658144959144
1.8100000000000005 0.2609714779280893
1.8200000000000003 0.27494335444247797
1.83 0.2889922109927586
1.8399999999999999 0.3031180475789311
1.8500000000000005 0.3173208642009969
1.8600000000000003 0.33160066085895334
1.87 0.3459574375528016
1.88 0.36039119428254207
1.8899999999999997 0.37490193104817426
1.9000000000000004 0.38948964784969975
1.9100000000000001 0.4041543446871161
1.92 0.41889602156042416
1.9299999999999997 0.4337146784696242
1.9400000000000004 0.4486103154147176
1.9500000000000002 0.46358293239570153
1.96 0.4786325294125775
1.9699999999999998 0.4937591064653454
1.9800000000000004 0.5089626635540065
1.9900000000000002 0.5242432006785582
2.0 0.5396007178390021
2.01 0.5550352150353376
2.0200000000000005 0.5705466922675666
2.0300000000000002 0.5861351495356861
2.04 0.6018005868396976
2.05 0.6175430041796012
2.0600000000000005 0.633362401555398
2.0700000000000003 0.6492587789670854
2.08 0.6652321364146647
2.09 0.6812824738981359
2.1000000000000005 0.6974097914175006
2.1100000000000003 0.7136140889727557
2.12 0.7298953665639027
2.13 0.7462536241909419
2.1399999999999997 0.7626888618538729
2.1500000000000004 0.7792010795526972
2.16 0.7957902772874121
2.17 0.812456455058019
2.1799999999999997 0.8291996128645178
2.1900000000000004 0.84601975070691
2.2 0.8629168685851927
2.21 0.8798909664993673
2.2199999999999998 0.8969420444494339
2.2300000000000004 0.9140701024353939
2.24 0.9312751404572445
2.25 0.9485571585149869
2.26 0.9659161566086212
2.2700000000000005 0.9833521347381491
2.2800000000000002 1.0008650929035674
2.29 1.0184550311048777
2.3 1.0361219493420797
2.3100000000000005 1.0538658476151754
2.3200000000000003 1.0716867259241616
2.33 1.0895845842690397
2.34 1.1075594226498096
2.3500000000000005 1.1256112410664731
2.3600000000000003 1.143740039519027
2.37 1.1619458180074727
2.38 1.1802285765318106
2.3899999999999997 1.1985883150920402
2.4000000000000004 1.2170250336881636
2.41 1.2355387323201772
2.42 1.2541294109880827
2.4299999999999997 1.2727970696918802
2.4400000000000004 1.2915417084315712
2.45 1.3103633272071527
2.46 1.329261926018626
2.4699999999999998 1.3482375048659914
2.4800000000000004 1.3672900637492502
2.49 1.3864196026683995
2.5 1.4056261216234407
2.51 1.4249096206143737
2.5200000000000005 1.4442700996412006
2.5300000000000002 1.4637075587039174
2.54 1.4832219978025263
2.55 1.5028134169370273
2.5600000000000005 1.5224818161074218
2.5700000000000003 1.5422271953137066
2.58 1.5620495545558835
2.59 1.581948893833952
2.6000000000000005 1.6019252131479145
2.6100000000000003 1.621978512497767
2.62 1.6421087918835116
2.63 1.662316051305148
2.6399999999999997 1.6826002907626765
2.6500000000000004 1.7029615102560987
2.66 1.723399709785411
2.67 1.7439148893506151
2.6799999999999997 1.7645070489517114
2.6900000000000004 1.7851761885887014
2.7 1.8059223082615814
2.71 1.8267454079703536
2.7199999999999998 1.8476454877150177
2.7300000000000004 1.8686225474955753
2.74 1.8896765873120234
2.75 1.9108076071643632
2.76 1.932015607052595
2.7700000000000005 1.9533005869767206
2.7800000000000002 1.9746625469367363
2.79 1.9961014869326439
2.8 2.0176174069644435
2.8100000000000005 2.0392103070321372
2.8200000000000003 2.0608801871357203
2.83 2.0826270472751958
2.84 2.104450887450563
2.8500000000000005 2.126351707661825
2.8600000000000003 2.1483295079089757
2.87 2.170384288192019
2.88 2.1925160485109543
2.8899999999999997 2.2147247888657815
2.9000000000000004 2.2370105092565025
2.91 2.2593732096831136
2.92 2.2818128901456163
2.9299999999999997 2.3043295506440113
2.9400000000000004 2.3269231911783006
2.95 2.349593811748479
2.96 2.37234141235455
2.9699999999999998 2.3951659929965126
2.9800000000000004 2.418067553674369
2.99 2.441046094388116
3.0 2.4641016151377544
