-1.5 0.07073720166770314
-1.49 0.08013705372645996
-1.48 0.08953320725116426
-1.47 0.09892486524582039
-1.46 0.10831123071443255
-1.45 0.1176915066610052
-1.44 0.12706489608954252
-1.43 0.13643060200404833
-1.42 0.14578782740852758
-1.41 0.15513577530698425
-1.4 0.16447364870342257
-1.39 0.17380065060184696
-1.38 0.1831159840062615
-1.37 0.1924188519206702
-1.3599999999999999 0.20170845734907816
-1.35 0.2109840032954889
-1.34 0.22024469276390718
-1.33 0.22948972875833695
-1.32 0.23871831428278273
-1.31 0.24792965234124859
-1.3 0.25712294593773877
-1.29 0.2662973980762577
-1.28 0.2754522117608097
-1.27 0.28458658999539893
-1.26 0.29369973578402947
-1.25 0.302790852130706
-1.24 0.31185914203943244
-1.23 0.3209038085142133
-1.22 0.3299240545590527
-1.21 0.338919083177955
-1.2 0.34788809737492443
-1.19 0.35683030015396516
-1.18 0.36574489451908176
-1.17 0.37463108347427826
-1.16 0.38348807002355895
-1.15 0.39231505717092807
-1.1400000000000001 0.4011112479203899
-1.13 0.4098758452759492
-1.12 0.41860805224160935
-1.1099999999999999 0.4273070718213754
-1.1 0.43597210701925104
-1.0899999999999999 0.4446023608392411
-1.08 0.4531970362853492
-1.07 0.4617553363615804
-1.06 0.47027646407193824
-1.05 0.47875962242042736
-1.04 0.48720401441105204
-1.03 0.49560884304781644
-1.02 0.503973311334725
-1.01 0.5122966222757818
-1.0 0.5205779788749911
-0.99 0.5288165841363575
-0.98 0.5370116410638848
-0.97 0.5451623526615776
-0.96 0.55326792193344
-0.95 0.5613275518834764
-0.94 0.5693404455156909
-0.9299999999999999 0.577305805834088
-0.92 0.5852228358426718
-0.91 0.5930907385454467
-0.9 0.6009087169464167
-0.89 0.6086759740495866
-0.88 0.6163917128589602
-0.87 0.6240551363785419
-0.86 0.631665447612336
-0.85 0.6392218495643467
-0.84 0.6467235452385786
-0.83 0.6541697376390354
-0.82 0.6615596297697218
-0.8099999999999999 0.6688924246346419
-0.7999999999999999 0.6761673252378002
-0.79 0.6833835345832006
-0.78 0.6905402556748476
-0.77 0.6976366915167456
-0.76 0.7046720451128985
-0.75 0.7116455194673109
-0.74 0.718556317583987
-0.73 0.725403642466931
-0.72 0.7321866971201473
-0.71 0.7389046845476398
-0.7 0.7455568077534133
-0.69 0.7521422697414717
-0.6799999999999999 0.7586602735158194
-0.6699999999999999 0.7651100220804607
-0.66 0.7714907184393999
-0.65 0.7778015655966409
-0.64 0.7840417665561886
-0.63 0.7902105243220469
-0.62 0.7963070418982201
-0.61 0.8023305222887125
-0.6 0.8082801684975284
-0.59 0.814155183528672
-0.58 0.8199547703861475
-0.57 0.8256781320739593
-0.5599999999999999 0.8313244715961119
-0.5499999999999999 0.8368929919566092
-0.54 0.8423828961594555
-0.53 0.8477933872086553
-0.52 0.8531236681082126
-0.51 0.8583729418621319
-0.5 0.8635404114744174
-0.49 0.8686252799490735
-0.48 0.8736267502901042
-0.47 0.8785440255015139
-0.45999999999999996 0.8833763085873069
-0.44999999999999996 0.8881228025514873
-0.43999999999999995 0.8927827103980597
-0.42999999999999994 0.8973552351310283
-0.41999999999999993 0.9018395797543971
-0.4099999999999999 0.9062349472721706
-0.3999999999999999 0.910540540688353
-0.3899999999999999 0.9147555630069486
-0.3799999999999999 0.9188792172319615
-0.3699999999999999 0.9229107063673962
-0.3599999999999999 0.9268492334172571
-0.34999999999999987 0.930694001385548
-0.3400000000000001 0.9344442132762735
-0.33000000000000007 0.9380990720934379
-0.32000000000000006 0.9416577808410455
-0.31000000000000005 0.9451195425231003
-0.30000000000000004 0.9484835601436068
-0.29000000000000004 0.9517490367065691
-0.28 0.9549151752159917
-0.27 0.9579811786758786
-0.26 0.9609462500902344
-0.25 0.9638095924630631
-0.24 0.966570408798369
-0.22999999999999998 0.9692279021001565
-0.21999999999999997 0.9717812753724299
-0.20999999999999996 0.9742297316191934
-0.19999999999999996 0.9765724738444511
-0.18999999999999995 0.9788087050522075
-0.17999999999999994 0.9809376282464667
-0.16999999999999993 0.9829584464312333
-0.15999999999999992 0.9848703626105112
-0.1499999999999999 0.9866725797883048
-0.1399999999999999 0.9883643009686184
-0.1299999999999999 0.9899447291554563
-0.11999999999999988 0.9914130673528226
-0.10999999999999988 0.9927685185647218
-0.09999999999999987 0.9940102857951582
-0.09000000000000008 0.9951375720481357
-0.08000000000000007 0.996149580327659
-0.07000000000000006 0.9970455136377322
-0.06000000000000005 0.9978245749823594
-0.050000000000000044 0.9984859673655452
-0.040000000000000036 0.9990288937912937
-0.030000000000000027 0.999452557263609
-0.020000000000000018 0.9997561607864958
-0.010000000000000009 0.999938907363958
0.0 1.0
