2.25 1.25
2.26 1.2602020801832758
2.27 1.2703960229095075
2.28 1.2805819381443297
2.29 1.290759935853379
2.3 1.3009301260022907
2.31 1.3110926185567011
2.32 1.321247523482245
2.33 1.331394950744559
2.34 1.341535010309278
2.35 1.351667812142039
2.36 1.3617934662084765
2.37 1.3719120824742268
2.38 1.3820237709049255
2.39 1.3921286414662084
2.4 1.4022268041237111
2.41 1.41231836884307
2.42 1.4224034455899197
2.43 1.4324821443298972
2.44 1.4425545750286368
2.45 1.4526208476517757
2.46 1.4626810721649486
2.47 1.4727353585337917
2.48 1.4827838167239404
2.49 1.492826556701031
2.5 1.5028636884306987
2.51 1.5128953218785794
2.52 1.5229215670103093
2.5300000000000002 1.5329425337915237
2.54 1.542958332187858
2.55 1.5529690721649483
2.56 1.5629748636884309
2.57 1.5729758167239403
2.58 1.5829720412371135
2.59 1.592963647193585
2.6 1.6029507445589921
2.61 1.612933443298969
2.62 1.6229118533791524
2.63 1.6328860847651774
2.64 1.6428562474226804
2.65 1.6528224513172967
2.66 1.6627848064146622
2.67 1.6727434226804123
2.68 1.6826984100801834
2.69 1.6926498785796105
2.7 1.7025979381443301
2.71 1.7125426987399772
2.72 1.722484270332188
2.73 1.732422762886598
2.74 1.7423582863688432
2.75 1.752290950744559
2.76 1.7622208659793812
2.77 1.7721481420389462
2.7800000000000002 1.7820728888888893
2.79 1.7919952164948454
2.8 1.8019152348224512
2.81 1.8118330538373426
2.8200000000000003 1.821748783505155
2.83 1.8316625337915236
2.84 1.8415744146620845
2.85 1.8514845360824743
2.86 1.8613930080183276
2.87 1.8712999404352808
2.88 1.881205443298969
2.89 1.8911096265750287
2.9 1.901012600229095
2.91 1.9109144742268043
2.92 1.9208153585337915
2.93 1.9307153631156933
2.94 1.9406145979381442
2.95 1.9505131729667813
2.96 1.9604111981672394
2.9699999999999998 1.9703087835051543
2.98 1.9802060389461626
2.99 1.9901030744558994
3.0 2.0
