1.125 0.12500000000000008
1.135 0.1351835937952089
1.145 0.1453500173011403
1.155 0.15549987139288945
1.165 0.16563375694555166
1.175 0.17575227483422212
1.185 0.18585602593399594
1.195 0.19594561111996844
1.205 0.20602163126723483
1.215 0.21608468725089028
1.225 0.22613537994603003
1.235 0.2361743102277493
1.245 0.24620207897114324
1.255 0.256219287051307
1.2650000000000001 0.26622653534333623
1.275 0.2762244247223255
1.285 0.28621355606337057
1.295 0.29619453024156644
1.305 0.3061679481320082
1.315 0.3161344106097913
1.325 0.3260945185500109
1.335 0.3360488728277621
1.345 0.3459980743181402
1.355 0.3559427238962404
1.365 0.3658834224371579
1.375 0.37582077081598786
1.385 0.38575536990782566
1.395 0.3956878205877664
1.405 0.40561872373090535
1.415 0.4155486802123376
1.425 0.4254782909071585
1.435 0.4354081566904631
1.445 0.44533887843734693
1.455 0.4552710570229049
1.465 0.46520529332223237
1.475 0.4751421882104245
1.4849999999999999 0.48508234256257626
1.495 0.4950263572537836
