-0.375 0.9305076219123143
-0.365 0.9341228325442591
-0.355 0.9376437095629534
-0.345 0.941070065468766
-0.335 0.9444017127620663
-0.325 0.9476384639432232
-0.315 0.9507801315126061
-0.305 0.9538265279705839
-0.295 0.9567774658175259
-0.28500000000000003 0.9596327575538011
-0.275 0.9623922156797787
-0.265 0.9650556526958279
-0.255 0.9676228811023179
-0.245 0.9700937133996177
-0.235 0.9724679620880964
-0.225 0.9747454396681232
-0.215 0.9769259586400674
-0.205 0.9790093315042978
-0.195 0.9809953707611837
-0.185 0.9828838889110945
-0.175 0.9846746984543988
-0.165 0.9863676118914664
-0.155 0.9879624417226658
-0.145 0.9894590004483664
-0.135 0.9908571005689374
-0.125 0.9921565545847479
-0.11499999999999999 0.993357174996167
-0.10499999999999998 0.994458774303564
-0.09499999999999997 0.9954611650073077
-0.08500000000000002 0.9963641596077676
-0.07500000000000001 0.9971675706053126
-0.065 0.9978712105003119
-0.05499999999999999 0.9984748917931348
-0.044999999999999984 0.9989784269841501
-0.034999999999999976 0.9993816285737271
-0.024999999999999967 0.9996843090622352
-0.015000000000000013 0.9998862809500431
-0.0050000000000000044 0.9999873567375201
