-1.875 -0.29953350618957425
-1.865 -0.28997895940215634
-1.855 -0.28039508397614127
-1.845 -0.270782879682622
-1.835 -0.2611433462926915
-1.825 -0.2514774835774427
-1.815 -0.24178629130796864
-1.805 -0.23207076925536232
-1.795 -0.22233191719071668
-1.785 -0.21257073488512473
-1.775 -0.2027882221096795
-1.765 -0.1929853786354739
-1.755 -0.1831632042336009
-1.745 -0.1733226986751539
-1.7349999999999999 -0.163464861731225
-1.725 -0.15359069317290816
-1.715 -0.1437011927712957
-1.705 -0.13379736029748082
-1.695 -0.12388019552255652
-1.685 -0.11395069821761578
-1.675 -0.1040098681537516
-1.665 -0.09405870510205694
-1.655 -0.08409820883362483
-1.645 -0.07412937911954823
-1.635 -0.06415321573092009
-1.625 -0.054170718438833455
-1.615 -0.044182887014381285
-1.605 -0.034190721228656594
-1.595 -0.024195220852752324
-1.585 -0.01419738565776149
-1.575 -0.004198215414777076
-1.565 0.0058012901051079195
-1.555 0.015800131130800532
-1.545 0.025797307891207766
-1.535 0.035791820615236634
-1.525 0.04578266953179414
-1.5150000000000001 0.05576885486978709
-1.505 0.06574937685812317
