-1.125 0.12500000000000003
-1.115 0.11479910893813514
-1.105 0.10458268922310203
-1.095 0.09435298336610512
-1.085 0.08411223387834872
-1.075 0.07386268327103737
-1.065 0.06360657405537543
-1.055 0.05334614874256726
-1.045 0.04308364984381727
-1.035 0.03282131987032995
-1.025 0.022561401333309642
-1.015 0.012306136743960746
-1.005 0.0020577686134877126
-0.995 -0.008181460546904974
-0.985 -0.01840930822601313
-0.975 -0.0286235319126322
-0.965 -0.038821889095557824
-0.955 -0.04900213726358555
-0.9450000000000001 -0.0591620339055109
-0.935 -0.06929933651012968
-0.925 -0.07941180256623732
-0.915 -0.0894971895626295
-0.905 -0.09955325498810173
-0.895 -0.10957775633144967
-0.885 -0.11956845108146887
-0.875 -0.12952309672695494
-0.865 -0.13943945075670347
-0.855 -0.14931527065951003
-0.845 -0.15914831392417025
-0.835 -0.1689363380394797
-0.825 -0.178677100494234
-0.815 -0.18836835877722868
-0.8049999999999999 -0.1980078703772594
-0.7949999999999999 -0.2075933927831217
-0.7849999999999999 -0.21712268348361125
-0.7749999999999999 -0.22659349996752354
-0.765 -0.23600359972365412
-0.755 -0.2453507402407988
