0.75 0.7316888688738209
0.76 0.7248363579165937
0.77 0.7179106270856659
0.78 0.7109124872362034
0.79 0.7038427492233722
0.8 0.696702223902339
0.81 0.6894917221282695
0.8200000000000001 0.6822120547563302
0.83 0.6748640326416872
0.84 0.6674484666395064
0.85 0.6599661676049545
0.86 0.6524179463931973
0.87 0.644804613859401
0.88 0.6371269808587318
0.89 0.6293858582463562
0.9 0.6215820568774398
0.91 0.6137163876071493
0.92 0.6057896612906507
0.9299999999999999 0.59780268878311
0.94 0.5897562809396938
0.95 0.5816512486155678
0.96 0.5734884026658986
0.97 0.5652685539458518
0.98 0.5569925133105944
0.99 0.5486610916152919
1.0 0.5402750997151108
1.01 0.5318353484652172
1.02 0.5233426487207772
1.03 0.514797811336957
1.04 0.506201647168923
1.05 0.49755496707184116
1.06 0.4888585819008778
1.07 0.480113302511199
1.08 0.47131993975797093
1.09 0.46247930449635977
1.1 0.45359220758153185
1.1099999999999999 0.44465945986865335
1.12 0.43568187221288995
