0.0 0.9999999999999999
0.01 0.9999389073639576
0.02 0.9997561607864955
0.03 0.999452557263609
0.04 0.9990288937912937
0.05 0.9984859673655451
0.06 0.9978245749823592
0.07 0.997045513637732
0.08 0.9961495803276588
0.09 0.9951375720481355
0.1 0.9940102857951578
0.11 0.9927685185647215
0.12 0.9914130673528225
0.13 0.9899447291554562
0.14 0.988364300968618
0.15 0.9866725797883047
0.16 0.9848703626105109
0.17 0.982958446431233
0.18 0.9809376282464668
0.19 0.9788087050522072
0.2 0.9765724738444509
0.21 0.974229731619193
0.22 0.9717812753724296
0.23 0.9692279021001564
0.24 0.9665704087983689
0.25 0.9638095924630631
0.26 0.9609462500902343
0.27 0.9579811786758785
0.28 0.9549151752159915
0.29 0.9517490367065689
0.3 0.9484835601436064
0.31 0.9451195425231
0.32 0.9416577808410451
0.33 0.9380990720934379
0.34 0.9344442132762734
0.35000000000000003 0.9306940013855477
0.36 0.9268492334172569
0.37 0.9229107063673959
0.38 0.9188792172319612
0.39 0.9147555630069483
0.4 0.9105405406883527
0.41000000000000003 0.9062349472721702
0.42 0.901839579754397
0.43 0.8973552351310279
0.44 0.8927827103980597
0.45 0.8881228025514873
0.46 0.8833763085873068
0.47000000000000003 0.8785440255015138
0.48 0.873626750290104
0.49 0.8686252799490735
0.5 0.8635404114744172
0.51 0.8583729418621319
0.52 0.8531236681082126
0.53 0.8477933872086552
0.54 0.8423828961594554
0.55 0.836892991956609
0.56 0.8313244715961118
0.5700000000000001 0.8256781320739592
0.58 0.8199547703861475
0.59 0.8141551835286718
0.6 0.8082801684975283
0.61 0.8023305222887124
0.62 0.79630704189822
0.63 0.7902105243220467
0.64 0.7840417665561885
0.65 0.7778015655966408
0.66 0.7714907184393998
0.67 0.7651100220804605
0.68 0.7586602735158192
0.6900000000000001 0.7521422697414715
0.7000000000000001 0.745556807753413
0.71 0.7389046845476398
0.72 0.7321866971201472
0.73 0.7254036424669308
0.74 0.7185563175839869
0.75 0.7116455194673109
0.76 0.7046720451128985
0.77 0.6976366915167455
0.78 0.6905402556748474
0.79 0.6833835345832004
0.8 0.6761673252378
0.81 0.6688924246346419
0.8200000000000001 0.6615596297697217
0.8300000000000001 0.6541697376390352
0.84 0.6467235452385783
0.85 0.6392218495643467
0.86 0.6316654476123359
0.87 0.6240551363785418
0.88 0.61639171285896
0.89 0.6086759740495865
0.9 0.6009087169464167
0.91 0.5930907385454465
0.92 0.5852228358426717
0.93 0.5773058058340879
0.9400000000000001 0.5693404455156907
0.9500000000000001 0.5613275518834762
0.96 0.5532679219334399
0.97 0.5451623526615774
0.98 0.5370116410638845
0.99 0.5288165841363573
1.0 0.5205779788749911
1.01 0.5122966222757818
1.02 0.5039733113347249
1.03 0.4956088430478164
1.04 0.487204014411052
1.05 0.4787596224204273
1.06 0.4702764640719381
1.07 0.46175533636158017
1.08 0.45319703628534913
1.09 0.4446023608392409
1.1 0.4359721070192509
1.11 0.4273070718213751
1.12 0.4186080522416092
1.1300000000000001 0.40987584527594884
1.1400000000000001 0.4011112479203898
1.1500000000000001 0.39231505717092785
1.16 0.38348807002355884
1.17 0.37463108347427815
1.18 0.36574489451908165
1.19 0.35683030015396516
1.2 0.3478880973749243
1.21 0.3389190831779549
1.22 0.3299240545590526
1.23 0.3209038085142132
1.24 0.3118591420394324
1.25 0.3027908521307059
1.26 0.2936997357840294
1.27 0.28458658999539876
1.28 0.2754522117608096
1.29 0.2662973980762577
1.3 0.25712294593773866
1.31 0.24792965234124845
1.32 0.23871831428278256
1.33 0.2294897287583369
1.34 0.2202446927639071
1.35 0.21098400329548883
1.36 0.20170845734907797
1.37 0.19241885192067013
1.3800000000000001 0.18311598400626108
1.3900000000000001 0.17380065060184652
1.4000000000000001 0.16447364870342224
1.41 0.15513577530698414
1.42 0.14578782740852747
1.43 0.13643060200404827
1.44 0.12706489608954225
1.45 0.11769150666100506
1.46 0.10831123071443251
1.47 0.09892486524582028
1.48 0.08953320725116412
1.49 0.08013705372645975
1.5 0.0707372016677029
