0.75 0.7316888688738209
0.76 0.7248489894094478
0.77 0.7179334658615486
0.78 0.7109432156921658
0.79 0.7038791563633415
0.8 0.6967422053371183
0.81 0.6895332800755382
0.8200000000000001 0.6822532980406436
0.83 0.6749031766944767
0.84 0.6674838334990801
0.85 0.6599961859164958
0.86 0.6524411514087664
0.87 0.6448196474379339
0.88 0.6371325914660406
0.89 0.6293809009551292
0.9 0.6215654933672415
0.91 0.6136872861644201
0.92 0.6057471968087074
0.9299999999999999 0.5977461427621454
0.94 0.5896850414867767
0.95 0.5815648104446434
0.96 0.5733863670977878
0.97 0.5651506289082521
0.98 0.5568585133380789
0.99 0.5485109378493105
1.0 0.540108819903989
1.01 0.5316530769641568
1.02 0.5231446264918559
1.03 0.5145843859491291
1.04 0.5059732727980185
1.05 0.4973122045005664
1.06 0.48860209851881503
1.07 0.47984387231480685
1.08 0.47103844335058404
1.09 0.4621867290881888
1.1 0.4532896469896637
1.1099999999999999 0.44434811451705103
1.12 0.43536304913239265
1.13 0.4263353682977315
1.1400000000000001 0.4172659894751092
1.15 0.4081558301265688
1.1600000000000001 0.3990058077141519
1.17 0.38981683969990144
1.18 0.3805898435458593
1.19 0.37132573671406777
1.2 0.3620254366665693
1.21 0.3526898608654062
1.22 0.3433199267726208
1.23 0.3339165518502553
1.24 0.32448065356035205
1.25 0.3150131493649534
1.26 0.30551495672610146
1.27 0.2959869931058388
1.28 0.2864301759662076
1.29 0.2768454227692501
1.3 0.26723365097700874
1.31 0.2575957780515257
1.32 0.2479327214548434
1.33 0.23824539864900407
1.3399999999999999 0.2285347270960502
1.35 0.2188016242580235
1.3599999999999999 0.20904700759696712
1.37 0.19927179457492245
1.38 0.18947690265393277
1.3900000000000001 0.17966324929603947
1.4 0.16983175196328565
1.4100000000000001 0.15998332811771282
1.42 0.15011889522136418
1.4300000000000002 0.1402393707362811
1.44 0.1303456721245067
1.4500000000000002 0.12043871684808254
1.46 0.11051942236905174
1.47 0.10058870614945592
1.48 0.09064748565133765
1.49 0.0806966783367392
1.5 0.0707372016677029
