-2.25 1.25
-2.24 1.2400038829191102
-2.23 1.2300080628745875
-2.22 1.2200124967848225
-2.21 1.2100171415682037
-2.2 1.2000219541431214
-2.19 1.190026891427964
-2.18 1.1800319103411219
-2.17 1.1700369678009837
-2.16 1.1600420207259396
-2.15 1.1500470260343778
-2.14 1.140051940644689
-2.13 1.1300567214752615
-2.12 1.1200613254444858
-2.11 1.1100657094707502
-2.1 1.1000698304724452
-2.09 1.0900736453679591
-2.08 1.0800771110756822
-2.07 1.0700801845140033
-2.06 1.0600828226013121
-2.05 1.0500849822559977
-2.04 1.0400866203964503
-2.03 1.030087693941058
-2.02 1.0200881598082114
-2.01 1.0100879749162988
-2.0 1.0000870961837112
-1.99 0.9900854805288363
-1.98 0.9800830848700643
-1.97 0.9700798661257846
-1.96 0.9600757812143866
-1.95 0.9500707870542594
-1.94 0.9400648405637928
-1.93 0.9300578986613759
-1.92 0.9200499182653982
-1.91 0.9100408562942492
-1.9 0.9000306696663182
-1.8900000000000001 0.8900193152999948
-1.88 0.8800067501136678
