0.0 1.0
0.01 0.9999476535446506
0.02 0.9997908653515063
0.03 0.9995300121799208
0.04 0.9991654707892486
0.05 0.9986976179388445
0.06 0.9981268303880626
0.07 0.9974534848962573
0.08 0.9966779582227832
0.09 0.9958006271269948
0.1 0.9948218683682462
0.11 0.9937420587058919
0.12 0.9925615748992869
0.13 0.9912807937077847
0.14 0.9899000918907401
0.15 0.9884198462075078
0.16 0.9868404334174418
0.17 0.9851622302798969
0.18 0.9833856135542275
0.19 0.9815109599997874
0.2 0.9795386463759317
0.21 0.9774690494420144
0.22 0.9753025459573903
0.23 0.9730395126814138
0.24 0.9706803263734389
0.25 0.9682253637928202
0.26 0.9656750016989125
0.27 0.9630296168510697
0.28 0.9602895860086464
0.29 0.957455285930997
0.3 0.9545270933774763
0.31 0.9515053851074381
0.32 0.9483905378802372
0.33 0.9451829284552281
0.34 0.9418829335917648
0.35000000000000003 0.938490930049202
0.36 0.9350072945868942
0.37 0.9314324039641957
0.38 0.9277666349404609
0.39 0.9240103642750441
0.4 0.9201639687273001
0.41000000000000003 0.9162278250565831
0.42 0.9122023100222473
0.43 0.9080878003836474
0.44 0.9038846729001379
0.45 0.8995933043310729
0.46 0.895214071435807
0.47000000000000003 0.8907473509736948
0.48 0.8861935197040905
0.49 0.8815529543863484
0.5 0.8768260317798231
0.51 0.872013128643869
0.52 0.8671146217378406
0.53 0.862130887821092
0.54 0.8570623036529782
0.55 0.851909245992853
0.56 0.8466720916000713
0.5700000000000001 0.8413512172339871
0.58 0.8359469996539552
0.59 0.8304598156193298
0.6 0.8248900418894654
0.61 0.8192380552237163
0.62 0.813504232381437
0.63 0.807688950121982
0.64 0.8017925852047058
0.65 0.7958155143889624
0.66 0.7897581144341066
0.67 0.7836207620994926
0.68 0.7774038341444751
0.6900000000000001 0.7711077073284083
0.7000000000000001 0.7647327584106468
0.71 0.7582793641505448
0.72 0.7517479013074566
0.73 0.7451387466407372
0.74 0.7384522769097404
0.75 0.7316888688738209
