0.0 -0.9999999999999998
0.01 -0.9997703734249712
0.02 -0.9990866987399769
0.03 -0.9979567835051544
0.04 -0.9963884352806412
0.05 -0.9943894616265748
0.06 -0.9919676701030926
0.07 -0.9891308682703321
0.08 -0.9858868636884306
0.09 -0.9822434639175255
0.1 -0.9782084765177547
0.11 -0.9737897090492554
0.12 -0.9689949690721649
0.13 -0.9638320641466207
0.14 -0.9583088018327606
0.15 -0.9524329896907215
0.16 -0.9462124352806414
0.17 -0.9396549461626575
0.18 -0.9327683298969072
0.19 -0.925560394043528
0.2 -0.9180389461626574
0.21 -0.9102117938144331
0.22 -0.9020867445589918
0.23 -0.893671605956472
0.24 -0.8849741855670102
0.25 -0.8760022909507444
0.26 -0.8667637296678121
0.27 -0.8572663092783503
0.28 -0.8475178373424971
0.29 -0.8375261214203894
0.3 -0.8272989690721649
0.31 -0.816844187857961
0.32 -0.806169585337915
0.33 -0.7952829690721649
0.34 -0.7841921466208476
0.35000000000000003 -0.7729049255441007
0.36 -0.761429113402062
0.37 -0.7497725177548682
0.38 -0.7379429461626574
0.39 -0.7259482061855669
0.4 -0.7137961053837342
0.41000000000000003 -0.7014944513172967
0.42 -0.6890510515463917
0.43 -0.6764737136311569
0.44 -0.6637702451317297
0.45 -0.6509484536082474
0.46 -0.6380161466208476
0.47000000000000003 -0.6249811317296677
0.48 -0.6118512164948454
0.49 -0.5986342084765177
0.5 -0.5853379152348224
0.51 -0.5719701443298968
0.52 -0.5585387033218785
0.53 -0.545051399770905
0.54 -0.5315160412371133
0.55 -0.5179404352806415
0.56 -0.5043323894616265
0.5700000000000001 -0.4906997113402061
0.58 -0.4770502084765178
0.59 -0.4633916884306988
0.6 -0.4497319587628866
0.61 -0.43607882703321876
0.62 -0.4224401008018328
0.63 -0.408823587628866
0.64 -0.3952370950744559
0.65 -0.3816884306987399
0.66 -0.3681854020618556
0.67 -0.35473581672394033
0.68 -0.3413474822451317
0.6900000000000001 -0.32802820618556694
0.7000000000000001 -0.3147857961053836
0.71 -0.3016280595647194
0.72 -0.2885628041237113
0.73 -0.2755978373424972
0.74 -0.2627409667812142
0.75 -0.25
