1.875 -0.2995335061895741
1.885 -0.3090577438855321
1.895 -0.3185507693100889
1.905 -0.3280116986015335
1.915 -0.33743964789815495
1.925 -0.3468337333382422
1.935 -0.3561930710600843
1.945 -0.3655167772019703
1.955 -0.3748039679021893
1.965 -0.38405375929903
1.975 -0.39326526753078184
1.985 -0.4024376087357335
1.995 -0.411569899052174
2.005 -0.4206612546183924
2.015 -0.4297107915726781
2.025 -0.43871762605331943
2.035 -0.44768087419860614
2.045 -0.4565996521468264
2.055 -0.46547307603627014
2.065 -0.47430026200522557
2.075 -0.4830803261919824
2.085 -0.49181238473482886
2.095 -0.5004955537720549
2.105 -0.5091289494419485
2.115 -0.5177116878827996
2.125 -0.5262428852328965
2.135 -0.5347216576305286
2.145 -0.543147121213985
2.1550000000000002 -0.5515183921215547
2.165 -0.5598345864915262
2.175 -0.568094820462189
2.185 -0.5762982101718321
2.195 -0.5844438717587441
2.205 -0.5925309213612148
2.215 -0.6005584751175324
2.225 -0.6085256491659865
2.235 -0.6164315596448655
2.245 -0.6242753226924592
