1.5 0.49999999999999994
1.51 0.5099508048632146
1.52 0.5199062103889509
1.53 0.5298660555880322
1.54 0.5398301794712819
1.55 0.5497984210495238
1.56 0.5597706193335814
1.57 0.5697466133342781
1.58 0.5797262420624377
1.59 0.5897093445288835
1.6 0.5996957597444391
1.61 0.6096853267199284
1.62 0.6196778844661744
1.63 0.6296732719940006
1.6400000000000001 0.6396713283142313
1.65 0.6496718924376892
1.66 0.6596748033751985
1.67 0.6696799001375824
1.68 0.6796870217356645
1.69 0.6896960071802684
1.7 0.6997066954822175
1.71 0.7097189256523356
1.72 0.7197325367014461
1.73 0.7297473676403724
1.74 0.7397632574799383
1.75 0.7497800452309673
1.76 0.7597975699042827
1.77 0.7698156705107085
1.78 0.7798341860610677
1.79 0.7898529555661843
1.8 0.7998718180368816
1.81 0.8098906124839832
1.82 0.8199091779183127
1.83 0.8299273533506936
1.84 0.8399449777919493
1.85 0.8499618902529038
1.8599999999999999 0.8599779297443798
1.87 0.8699929352772021
