0.0 -1.0
0.01 -0.9995433254799149
0.02 -0.9981941246981159
0.03 -0.9959836318222882
0.04 -0.9929430810201177
0.05 -0.989103706459289
0.06 -0.984496742307488
0.07 -0.9791534227323992
0.08 -0.9731049819017081
0.09 -0.9663826539831004
0.1 -0.9590176731442609
0.11 -0.9510412735528747
0.12 -0.9424846893766274
0.13 -0.9333791547832043
0.14 -0.9237559039402903
0.15 -0.9136461710155712
0.16 -0.9030811901767314
0.17 -0.8920921955914569
0.18 -0.8807104214274327
0.19 -0.8689671018523439
0.2 -0.856893471033876
0.21 -0.844520763139714
0.22 -0.8318802123375435
0.23 -0.8190030527950494
0.24 -0.8059205186799171
0.25 -0.7926638441598318
0.26 -0.7792642634024789
0.27 -0.7657530105755435
0.28 -0.7521613198467106
0.29 -0.7385204253836661
0.3 -0.7248615613540946
0.31 -0.7112159619256819
0.32 -0.6976148612661128
0.33 -0.6840894935430728
0.34 -0.670671092924247
0.35000000000000003 -0.6573908935773206
0.36 -0.6442801296699793
0.37 -0.6313700353699079
