-1.5 0.5
-1.49 0.4871146031746032
-1.48 0.4741739682539683
-1.47 0.4611799999999999
-1.46 0.4481346031746031
-1.45 0.4350396825396824
-1.44 0.42189714285714286
-1.43 0.4087088888888889
-1.42 0.3954768253968255
-1.41 0.38220285714285696
-1.4 0.3688888888888888
-1.39 0.3555368253968252
-1.38 0.34214857142857147
-1.37 0.3287260317460321
-1.3599999999999999 0.31527111111111095
-1.35 0.30178571428571443
-1.34 0.2882717460317459
-1.33 0.27473111111111137
-1.32 0.2611657142857142
-1.31 0.2475774603174603
-1.3 0.23396825396825416
-1.29 0.2203400000000001
-1.28 0.2066946031746033
-1.27 0.193033968253968
-1.26 0.17936000000000007
-1.25 0.16567460317460325
-1.24 0.15197968253968241
-1.23 0.138277142857143
-1.22 0.12456888888888884
-1.21 0.11085682539682551
-1.2 0.09714285714285709
-1.19 0.083428888888889
-1.18 0.06971682539682555
-1.17 0.0560085714285713
-1.16 0.04230603174603187
-1.15 0.028611111111111087
-1.1400000000000001 0.014925714285714431
-1.13 0.0012517460317459372
-1.12 -0.012408888888888636
-1.1099999999999999 -0.026054285714285697
-1.1 -0.03968253968253954
-1.0899999999999999 -0.05329174603174602
-1.08 -0.06687999999999994
-1.07 -0.08044539682539664
-1.06 -0.09398603174603143
-1.05 -0.10749999999999987
-1.04 -0.12098539682539672
-1.03 -0.13444031746031732
-1.02 -0.1478628571428569
-1.01 -0.16125111111111118
-1.0 -0.17460317460317465
-0.99 -0.1879171428571429
-0.98 -0.20119111111111115
-0.97 -0.21442317460317456
-0.96 -0.22761142857142874
-0.95 -0.24075396825396828
-0.94 -0.2538488888888892
-0.9299999999999999 -0.2668942857142858
-0.92 -0.279888253968254
-0.91 -0.2928288888888889
-0.9 -0.3057142857142858
-0.89 -0.31854253968253965
-0.88 -0.3313117460317462
-0.87 -0.34402
-0.86 -0.3566653968253969
-0.85 -0.3692460317460318
-0.84 -0.3817600000000001
-0.83 -0.39420539682539685
-0.82 -0.40658031746031753
-0.8099999999999999 -0.4188828571428572
-0.7999999999999999 -0.43111111111111133
-0.79 -0.44326317460317466
-0.78 -0.4553371428571428
-0.77 -0.46733111111111114
-0.76 -0.47924317460317467
-0.75 -0.4910714285714286
-0.74 -0.5028139682539683
-0.73 -0.514468888888889
-0.72 -0.5260342857142858
-0.71 -0.537508253968254
-0.7 -0.548888888888889
-0.69 -0.5601742857142857
-0.6799999999999999 -0.5713625396825398
-0.6699999999999999 -0.5824517460317462
-0.66 -0.5934400000000001
-0.65 -0.6043253968253968
-0.64 -0.6151060317460317
-0.63 -0.62578
-0.62 -0.6363453968253969
-0.61 -0.6468003174603175
-0.6 -0.6571428571428573
-0.59 -0.6673711111111111
-0.58 -0.6774831746031746
-0.57 -0.6874771428571429
-0.5599999999999999 -0.6973511111111113
-0.5499999999999999 -0.7071031746031746
-0.54 -0.7167314285714286
-0.53 -0.7262339682539682
-0.52 -0.7356088888888889
-0.51 -0.7448542857142857
-0.5 -0.753968253968254
-0.49 -0.7629488888888889
-0.48 -0.7717942857142858
-0.47 -0.7805025396825398
-0.45999999999999996 -0.789071746031746
-0.44999999999999996 -0.7975000000000001
-0.43999999999999995 -0.8057853968253968
-0.42999999999999994 -0.8139260317460317
-0.41999999999999993 -0.8219200000000001
-0.4099999999999999 -0.8297653968253969
-0.3999999999999999 -0.8374603174603175
-0.3899999999999999 -0.8450028571428572
-0.3799999999999999 -0.8523911111111112
-0.3699999999999999 -0.8596231746031747
-0.3599999999999999 -0.8666971428571429
-0.34999999999999987 -0.8736111111111112
-0.3400000000000001 -0.8803631746031746
-0.33000000000000007 -0.8869514285714285
-0.32000000000000006 -0.8933739682539682
-0.31000000000000005 -0.8996288888888888
-0.30000000000000004 -0.9057142857142857
-0.29000000000000004 -0.911628253968254
-0.28 -0.9173688888888889
-0.27 -0.9229342857142857
-0.26 -0.9283225396825396
-0.25 -0.933531746031746
-0.24 -0.93856
-0.22999999999999998 -0.9434053968253968
-0.21999999999999997 -0.9480660317460318
-0.20999999999999996 -0.95254
-0.19999999999999996 -0.9568253968253968
-0.18999999999999995 -0.9609203174603175
-0.17999999999999994 -0.9648228571428572
-0.16999999999999993 -0.9685311111111111
-0.15999999999999992 -0.9720431746031746
-0.1499999999999999 -0.9753571428571429
-0.1399999999999999 -0.9784711111111112
-0.1299999999999999 -0.9813831746031746
-0.11999999999999988 -0.9840914285714286
-0.10999999999999988 -0.9865939682539683
-0.09999999999999987 -0.9888888888888889
-0.09000000000000008 -0.9909742857142857
-0.08000000000000007 -0.9928482539682539
-0.07000000000000006 -0.9945088888888889
-0.06000000000000005 -0.9959542857142857
-0.050000000000000044 -0.9971825396825397
-0.040000000000000036 -0.9981917460317461
-0.030000000000000027 -0.9989800000000001
-0.020000000000000018 -0.9995453968253969
-0.010000000000000009 -0.9998860317460317
0.0 -1.0
