-0.75 0.7316888688738209
-0.74 0.7384522769097404
-0.73 0.7451387466407371
-0.72 0.7517479013074567
-0.71 0.7582793641505448
-0.7 0.7647327584106468
-0.69 0.7711077073284084
-0.6799999999999999 0.7774038341444751
-0.67 0.7836207620994927
-0.66 0.7897581144341065
-0.65 0.7958155143889625
-0.64 0.8017925852047058
-0.63 0.807688950121982
-0.62 0.8135042323814371
-0.61 0.8192380552237163
-0.6 0.8248900418894654
-0.59 0.8304598156193298
-0.58 0.8359469996539552
-0.5700000000000001 0.8413512172339871
-0.56 0.8466720916000712
-0.55 0.8519092459928531
-0.54 0.8570623036529781
-0.53 0.8621308878210922
-0.52 0.8671146217378406
-0.51 0.872013128643869
-0.5 0.8768260317798232
-0.49 0.8815529543863484
-0.48 0.8861935197040905
-0.47 0.8907473509736948
-0.46 0.8952140714358072
-0.45 0.899593304331073
-0.44 0.903884672900138
-0.43 0.9080878003836476
-0.42 0.9122023100222474
-0.41 0.9162278250565831
-0.39999999999999997 0.9201639687273001
-0.39 0.9240103642750442
-0.38 0.927766634940461
-0.37 0.9314324039641957
-0.36 0.9350072945868941
-0.35 0.9384909300492021
-0.33999999999999997 0.9418829335917648
-0.33 0.9451829284552281
-0.32 0.9483905378802373
-0.31 0.9515053851074382
-0.3 0.9545270933774763
-0.29 0.9574552859309973
-0.27999999999999997 0.9602895860086464
-0.27 0.9630296168510697
-0.26 0.9656750016989125
-0.25 0.9682253637928204
-0.24 0.9706803263734389
-0.22999999999999998 0.9730395126814138
-0.21999999999999997 0.9753025459573905
-0.20999999999999996 0.9774690494420146
-0.19999999999999996 0.9795386463759317
-0.18999999999999995 0.9815109599997873
-0.17999999999999994 0.9833856135542274
-0.17000000000000004 0.9851622302798969
-0.16000000000000003 0.986840433417442
-0.15000000000000002 0.9884198462075078
-0.14 0.9899000918907401
-0.13 0.9912807937077847
-0.12 0.9925615748992868
-0.10999999999999999 0.993742058705892
-0.09999999999999998 0.9948218683682463
-0.08999999999999997 0.9958006271269948
-0.07999999999999996 0.9966779582227834
-0.06999999999999995 0.9974534848962574
-0.05999999999999994 0.9981268303880626
-0.04999999999999993 0.9986976179388445
-0.040000000000000036 0.9991654707892487
-0.030000000000000027 0.9995300121799208
-0.020000000000000018 0.9997908653515062
-0.010000000000000009 0.9999476535446509
0.0 1.0
