0.0 0.9999999999999996
0.01 0.9999422029970617
0.02 0.9997692893926002
0.03 0.9994819752931394
0.04 0.9990809768052058
0.05 0.9985670100353268
0.06 0.9979407910900235
0.07 0.9972030360758257
0.08 0.9963544610992572
0.09 0.9953957822668458
0.1 0.9943277156851145
0.11 0.9931509774605898
0.12 0.9918662836997982
0.13 0.990474350509265
0.14 0.9889758939955162
0.15 0.9873716302650761
0.16 0.9856622754244726
0.17 0.9838485455802304
0.18 0.9819311568388738
0.19 0.9799108253069315
0.2 0.9777882670909261
0.21 0.975564198297385
0.22 0.973239335032833
0.23 0.9708143934037969
0.24 0.9682900895168025
0.25 0.9656671394783736
0.26 0.9629462593950384
0.27 0.9601281653733205
0.28 0.9572135735197471
0.29 0.9542031999408427
0.3 0.9510977607431341
0.31 0.9478979720331462
0.32 0.944604549917405
0.33 0.941218210502436
0.34 0.9377396698947651
0.35000000000000003 0.9341696442009186
0.36 0.9305088495274201
0.37 0.9267580019807982
0.38 0.9229178176675772
0.39 0.9189890126942819
0.4 0.9149723031674393
0.41000000000000003 0.9108684051935749
0.42 0.9066780348792136
0.43 0.9024019083308814
0.44 0.8980407416551053
0.45 0.8935952509584093
0.46 0.88906615234732
0.47000000000000003 0.884454161928363
0.48 0.879759995808064
0.49 0.8749843700929485
0.5 0.870128000889542
0.51 0.8651916043043708
0.52 0.8601758964439603
0.53 0.8550815934148355
0.54 0.8499094113235237
0.55 0.8446600662765491
0.56 0.8393342743804384
0.5700000000000001 0.8339327517417161
0.58 0.8284562144669088
0.59 0.8229053786625429
0.6 0.8172809604351421
0.61 0.8115836758912345
0.62 0.8058142411373439
0.63 0.7999733722799971
0.64 0.7940617854257186
0.65 0.7880801966810358
0.66 0.7820293221524732
0.67 0.7759098779465567
0.68 0.7697225801698115
0.6900000000000001 0.7634681449287648
0.7000000000000001 0.757147288329941
0.71 0.7507607264798657
0.72 0.7443091754850659
0.73 0.7377933514520663
0.74 0.7312139704873921
0.75 0.7245717486975705
0.76 0.7178674021891267
0.77 0.7111016470685854
0.78 0.7042751994424721
0.79 0.6973887754173149
0.8 0.6904430910996373
0.81 0.6834388625959655
0.8200000000000001 0.6763768060128257
0.8300000000000001 0.6692576374567436
0.84 0.6620820730342449
0.85 0.6548508288518535
0.86 0.6475646210160979
0.87 0.6402241656335022
0.88 0.6328301788105917
0.89 0.6253833766538934
0.9 0.6178844752699324
0.91 0.6103341907652342
0.92 0.6027332392463247
0.93 0.5950823368197296
0.9400000000000001 0.587382199591975
0.9500000000000001 0.5796335436695852
0.96 0.5718370851590882
0.97 0.5639935401670074
0.98 0.5561036247998697
0.99 0.5481680551642008
1.0 0.5401875473665261
1.01 0.5321628175133712
1.02 0.5240945817112624
1.03 0.5159835560667246
1.04 0.5078304566862841
1.05 0.4996359996764661
1.06 0.49140090114379686
1.07 0.4831258771948017
1.08 0.4748116439360064
1.09 0.4664589174739371
1.1 0.45806841391511866
1.11 0.4496408493660774
1.12 0.44117693993333895
1.1300000000000001 0.4326774017234287
1.1400000000000001 0.42414295084287257
1.1500000000000001 0.4155743033981961
1.16 0.40697217549592557
1.17 0.39833728324258544
1.18 0.3896703427447028
1.19 0.38097207010880263
1.2 0.3722431814414109
1.21 0.3634843928490529
1.22 0.35469642043825467
1.23 0.3458799803155419
1.24 0.3370357885874403
1.25 0.32816456136047556
1.26 0.319267014741173
1.27 0.3103438648360588
1.28 0.30139582775165863
1.29 0.2924236195944977
1.3 0.2834279564711023
1.31 0.27440955448799786
1.32 0.26536912975171034
1.33 0.25630739836876504
1.34 0.2472250764456877
1.35 0.23812288008900429
1.36 0.22900152540524032
1.37 0.21986172850092156
1.3800000000000001 0.21070420548257374
1.3900000000000001 0.2015296724567225
1.4000000000000001 0.1923388455298936
1.41 0.18313244080861307
1.42 0.17391117439940573
1.43 0.16467576240879772
1.44 0.15542692094331517
1.45 0.14616536610948322
1.46 0.13689181401382788
1.47 0.12760698076287463
1.48 0.11831158246314949
1.49 0.10900633522117764
1.5 0.09969195514348522
1.51 0.09036915833659787
1.52 0.08103866090704104
1.53 0.07170117896134076
1.54 0.062357428606022614
1.55 0.05300812594761234
1.56 0.043653987092635516
1.57 0.03429572814761794
1.58 0.024934065219085144
1.59 0.015569714413562807
1.6 0.006203391837577121
1.61 -0.003164186402346836
1.62 -0.012532304199682931
1.6300000000000001 -0.021900245447905697
1.6400000000000001 -0.03126729404048928
1.6500000000000001 -0.0406327338709081
1.6600000000000001 -0.049995848832636414
1.67 -0.059355922819148255
1.68 -0.06871223972391854
1.69 -0.07806408344042093
1.7 -0.08741073786213027
1.71 -0.0967514868825205
1.72 -0.1060856143950662
1.73 -0.11541240429324137
1.74 -0.12473114047052042
1.75 -0.13404110682037762
1.76 -0.14334158723628726
1.77 -0.15263186561172373
1.78 -0.16191122584016127
1.79 -0.1711789518150743
1.8 -0.180434327429937
1.81 -0.18967663657822356
1.82 -0.19890516315340864
1.83 -0.20811919104896603
1.84 -0.21731800415837066
1.85 -0.22650088637509613
1.86 -0.2356671215926173
1.87 -0.2448159937044082
1.8800000000000001 -0.2539467866039431
1.8900000000000001 -0.2630587841846964
1.9000000000000001 -0.2721512703401424
1.9100000000000001 -0.2812235289637554
1.92 -0.2902748439490094
1.93 -0.2993044991893794
1.94 -0.30831177857833936
1.95 -0.3172959660093632
1.96 -0.3262563453759257
1.97 -0.3351922005715009
1.98 -0.34410281548956323
1.99 -0.35298747402358693
2.0 -0.36184546006704627
2.0100000000000002 -0.3706760575134158
2.02 -0.3794785502561692
2.0300000000000002 -0.38825222218878164
2.04 -0.3969963572047267
2.05 -0.4057102391974786
2.06 -0.41439315206051264
2.07 -0.423044379687302
2.08 -0.43166320597132185
2.09 -0.4402489148060456
2.1 -0.4488007900849485
2.11 -0.45731811570150405
2.12 -0.4658001755491871
2.13 -0.47424625352147154
2.14 -0.48265563351183216
2.15 -0.4910275994137424
2.16 -0.4993614351206777
2.17 -0.5076564245261114
2.18 -0.5159118515235186
2.19 -0.5241270000063726
2.2 -0.5323011538681488
2.21 -0.5404335970023206
2.22 -0.548523613302363
2.23 -0.5565704866617496
2.24 -0.5645735009739555
2.25 -0.5725319401324541
2.2600000000000002 -0.5804450880307207
2.27 -0.5883122285622286
2.2800000000000002 -0.596132645620453
2.29 -0.6039056230988673
2.3000000000000003 -0.6116304448909469
2.31 -0.6193063948901648
2.32 -0.6269327569899962
2.33 -0.6345088150839153
2.34 -0.6420338530653962
2.35 -0.6495071548279134
2.36 -0.6569280042649408
2.37 -0.6642956852699533
2.38 -0.6716094817364245
2.39 -0.6788686775578295
2.4 -0.686072556627642
2.41 -0.6932204028393365
2.42 -0.7003115000863871
2.43 -0.7073451322622685
2.44 -0.7143205832604544
2.45 -0.7212371369744199
2.46 -0.7280940772976385
2.47 -0.7348906881235854
2.48 -0.7416262533457337
2.49 -0.748300056857559
2.5 -0.7549113825525345
2.5100000000000002 -0.7614595143241353
2.52 -0.767943736065835
2.5300000000000002 -0.7743633316711087
2.54 -0.7807175850334299
2.5500000000000003 -0.7870057800462735
2.56 -0.7932272006031135
2.57 -0.799381130597424
2.58 -0.80546685392268
2.59 -0.8114836544723549
2.6 -0.8174308161399241
2.61 -0.8233076228188607
2.62 -0.8291133584026399
2.63 -0.8348473067847354
2.64 -0.8405087518586221
2.65 -0.8460969775177737
2.66 -0.8516112676556649
2.67 -0.8570509061657697
2.68 -0.8624151769415629
2.69 -0.867703363876518
2.7 -0.8729147508641102
2.71 -0.878048621797813
2.72 -0.8831042605711013
2.73 -0.888080951077449
2.74 -0.8929779772103308
2.75 -0.8977946228632205
2.7600000000000002 -0.9025301719295928
2.77 -0.9071839083029218
2.7800000000000002 -0.9117551158766821
2.79 -0.9162430785443474
2.8000000000000003 -0.9206470801993926
2.81 -0.9249664047352916
2.82 -0.9292003360455189
2.83 -0.9333481580235489
2.84 -0.9374091545628556
2.85 -0.9413826095569137
2.86 -0.9452678068991969
2.87 -0.9490640304831801
2.88 -0.9527705642023373
2.89 -0.9563866919501428
2.9 -0.959911697620071
2.91 -0.9633448651055962
2.92 -0.9666854783001926
2.93 -0.9699328210973347
2.94 -0.9730861773904965
2.95 -0.9761448310731526
2.96 -0.979108066038777
2.97 -0.9819751661808443
2.98 -0.9847454153928284
2.99 -0.9874180975682041
3.0 -0.9899924966004454
