2.25 1.25
2.26 1.2599964481290558
2.27 1.2699932250388244
2.28 1.2799903193920388
2.29 1.2899877198514345
2.3 1.2999854150797443
2.31 1.3099833937397034
2.32 1.3199816444940446
2.33 1.3299801560055033
2.34 1.3399789169368124
2.35 1.3499779159507066
2.36 1.3599771417099193
2.37 1.3699765828771857
2.38 1.3799762281152386
2.39 1.3899760660868126
2.4 1.399976085454642
2.41 1.4099762748814608
2.42 1.4199766230300024
2.43 1.429977118563002
2.44 1.4399777501431918
2.45 1.4499785064333082
2.46 1.4599793760960833
2.47 1.4699803477942524
2.48 1.4799814101905489
2.49 1.489982551947707
2.5 1.4999837617284608
2.51 1.509985028195544
2.52 1.5199863400116918
2.5300000000000002 1.529987685839637
2.54 1.5399890543421138
2.55 1.5499904341818567
2.56 1.5599918140215998
2.57 1.569993182524077
2.58 1.579994528352022
2.59 1.5899958401681693
2.6 1.599997106635253
2.61 1.6099983164160068
2.62 1.6199994581731652
