-0.375 -0.625
-0.365 -0.6377980466835544
-0.355 -0.6508123800582215
-0.345 -0.6640117659563162
-0.335 -0.6773649702101527
-0.325 -0.6908407586520463
-0.315 -0.7044078971143115
-0.305 -0.7180351514292631
-0.295 -0.7316912874292159
-0.28500000000000003 -0.7453450709464845
-0.275 -0.7589652678133839
-0.265 -0.7725206438622286
-0.255 -0.7859799649253335
-0.245 -0.7993119968350132
-0.235 -0.8124855054235828
-0.225 -0.8254692565233566
-0.215 -0.8382320159666496
-0.205 -0.8507425495857764
-0.195 -0.862969623213052
-0.185 -0.8748820026807911
-0.175 -0.8864484538213082
-0.165 -0.8976377424669183
-0.155 -0.9084186344499359
-0.145 -0.9187598956026761
-0.135 -0.9286302917574534
-0.125 -0.9379985887465826
-0.11499999999999999 -0.9468335524023784
-0.10499999999999998 -0.9551039485571557
-0.09499999999999997 -0.9627785430432293
-0.08500000000000002 -0.9698261016929136
-0.07500000000000001 -0.9762153903385237
-0.065 -0.9819151748123741
-0.05499999999999999 -0.9868942209467798
-0.044999999999999984 -0.9911212945740554
-0.034999999999999976 -0.9945651615265156
-0.024999999999999967 -0.9971945876364754
-0.015000000000000013 -0.9989783387362491
-0.0050000000000000044 -0.9998851806581519
