-3.0 2.0
-2.99 1.9901030744558996
-2.98 1.9802060389461624
-2.97 1.970308783505155
-2.96 1.9604111981672394
-2.95 1.9505131729667813
-2.94 1.9406145979381442
-2.93 1.930715363115693
-2.92 1.9208153585337915
-2.91 1.9109144742268043
-2.9 1.901012600229095
-2.89 1.8911096265750287
-2.88 1.8812054432989689
-2.87 1.8712999404352808
-2.86 1.8613930080183276
-2.85 1.8514845360824743
-2.84 1.8415744146620845
-2.83 1.8316625337915233
-2.82 1.8217487835051545
-2.81 1.8118330538373424
-2.8 1.801915234822451
-2.79 1.7919952164948452
-2.78 1.7820728888888886
-2.77 1.7721481420389462
-2.76 1.7622208659793812
-2.75 1.752290950744559
-2.74 1.7423582863688432
-2.73 1.7324227628865978
-2.7199999999999998 1.7224842703321877
-2.71 1.712542698739977
-2.7 1.70259793814433
-2.69 1.6926498785796105
-2.68 1.6826984100801832
-2.67 1.6727434226804123
-2.66 1.6627848064146622
-2.65 1.6528224513172964
-2.64 1.6428562474226804
-2.63 1.6328860847651774
-2.62 1.6229118533791527
-2.61 1.612933443298969
-2.6 1.602950744558992
-2.59 1.5929636471935853
-2.58 1.5829720412371133
-2.57 1.5729758167239405
-2.56 1.5629748636884306
-2.55 1.5529690721649483
-2.54 1.542958332187858
-2.53 1.532942533791523
-2.52 1.5229215670103093
-2.51 1.5128953218785794
-2.5 1.5028636884306987
-2.49 1.4928265567010313
-2.48 1.4827838167239402
-2.4699999999999998 1.4727353585337912
-2.46 1.4626810721649484
-2.45 1.4526208476517757
-2.44 1.4425545750286368
-2.4299999999999997 1.4324821443298965
-2.42 1.42240344558992
-2.41 1.41231836884307
-2.4 1.4022268041237111
-2.39 1.3921286414662084
-2.38 1.3820237709049252
-2.37 1.3719120824742268
-2.36 1.3617934662084765
-2.35 1.351667812142039
-2.34 1.3415350103092782
-2.33 1.3313949507445588
-2.32 1.321247523482245
-2.31 1.3110926185567011
-2.3 1.300930126002291
-2.29 1.2907599358533792
-2.2800000000000002 1.2805819381443302
-2.27 1.2703960229095075
-2.26 1.2602020801832758
-2.25 1.25
