1.125 0.4311765167986662
1.135 0.4221332164868355
1.145 0.4130472647989719
1.155 0.40391963401917785
1.165 0.3947512964315556
1.175 0.3855432243202075
1.185 0.37629638996923603
1.195 0.3670117656627434
1.205 0.35769032368483206
1.215 0.3483330363196044
1.225 0.3389408758511626
1.235 0.3295148145636092
1.245 0.32005582474104655
1.255 0.3105648786675771
1.2650000000000001 0.30104294862730263
1.275 0.29149100690432644
1.285 0.2819100257827501
1.295 0.2723009775466762
1.305 0.2626648344802073
1.315 0.2530025688674455
1.325 0.24331515299249326
1.335 0.23360355913945302
1.345 0.223868759592427
1.355 0.2141117266355176
1.365 0.20433343255282727
1.375 0.1945348496284582
1.385 0.1847169501465129
1.395 0.1748807063910937
1.405 0.16502709064630286
1.415 0.15515707519624283
1.425 0.145271632325016
1.435 0.1353717343167246
1.445 0.12545835345547113
1.455 0.11553246202535784
1.465 0.10559503231048713
1.475 0.09564703659496138
1.4849999999999999 0.08568944716288313
1.495 0.07572323629835409
