0.0 -1.0
0.01 -0.9998860317460316
0.02 -0.9995453968253967
0.03 -0.9989799999999998
0.04 -0.9981917460317461
0.05 -0.9971825396825397
0.06 -0.9959542857142857
0.07 -0.9945088888888888
0.08 -0.9928482539682539
0.09 -0.9909742857142855
0.1 -0.9888888888888885
0.11 -0.9865939682539684
0.12 -0.9840914285714284
0.13 -0.9813831746031745
0.14 -0.9784711111111112
0.15 -0.9753571428571429
0.16 -0.9720431746031748
0.17 -0.9685311111111111
0.18 -0.9648228571428571
0.19 -0.9609203174603173
0.2 -0.9568253968253969
0.21 -0.9525399999999999
0.22 -0.9480660317460318
0.23 -0.9434053968253968
0.24 -0.9385599999999998
0.25 -0.9335317460317459
0.26 -0.9283225396825395
0.27 -0.9229342857142856
0.28 -0.9173688888888889
0.29 -0.9116282539682539
0.3 -0.9057142857142857
0.31 -0.8996288888888889
0.32 -0.8933739682539681
0.33 -0.8869514285714284
0.34 -0.8803631746031744
0.35000000000000003 -0.8736111111111109
0.36 -0.8666971428571429
0.37 -0.8596231746031746
0.38 -0.8523911111111111
0.39 -0.845002857142857
0.4 -0.8374603174603176
0.41000000000000003 -0.8297653968253966
0.42 -0.82192
0.43 -0.8139260317460316
0.44 -0.8057853968253967
0.45 -0.7975000000000001
0.46 -0.7890717460317458
0.47000000000000003 -0.7805025396825398
0.48 -0.7717942857142857
0.49 -0.7629488888888889
0.5 -0.753968253968254
0.51 -0.7448542857142857
0.52 -0.7356088888888888
0.53 -0.726233968253968
0.54 -0.7167314285714286
0.55 -0.7071031746031746
0.56 -0.697351111111111
0.5700000000000001 -0.6874771428571427
0.58 -0.6774831746031746
0.59 -0.667371111111111
0.6 -0.657142857142857
0.61 -0.6468003174603174
0.62 -0.6363453968253966
0.63 -0.6257800000000001
0.64 -0.6151060317460317
0.65 -0.6043253968253968
0.66 -0.5934399999999999
0.67 -0.582451746031746
0.68 -0.5713625396825395
0.6900000000000001 -0.5601742857142855
0.7000000000000001 -0.5488888888888888
0.71 -0.5375082539682539
0.72 -0.5260342857142858
0.73 -0.5144688888888888
0.74 -0.5028139682539682
0.75 -0.4910714285714285
0.76 -0.47924317460317445
0.77 -0.4673311111111111
0.78 -0.45533714285714283
0.79 -0.44326317460317444
0.8 -0.43111111111111095
0.81 -0.418882857142857
0.8200000000000001 -0.40658031746031736
0.8300000000000001 -0.3942053968253966
0.84 -0.38176
0.85 -0.3692460317460317
0.86 -0.3566653968253969
0.87 -0.34401999999999994
0.88 -0.33131174603174596
0.89 -0.31854253968253954
0.9 -0.30571428571428566
0.91 -0.2928288888888888
0.92 -0.2798882539682538
0.93 -0.26689428571428564
0.9400000000000001 -0.2538488888888888
0.9500000000000001 -0.24075396825396808
0.96 -0.22761142857142858
0.97 -0.21442317460317462
0.98 -0.20119111111111102
0.99 -0.18791714285714284
1.0 -0.17460317460317457
1.01 -0.161251111111111
1.02 -0.1478628571428571
1.03 -0.13444031746031737
1.04 -0.12098539682539672
1.05 -0.10749999999999985
1.06 -0.09398603174603165
1.07 -0.08044539682539668
1.08 -0.06687999999999981
1.09 -0.05329174603174592
1.1 -0.03968253968253953
1.11 -0.02605428571428551
1.12 -0.012408888888888695
1.1300000000000001 0.0012517460317462183
1.1400000000000001 0.01492571428571451
1.1500000000000001 0.02861111111111133
1.16 0.042306031746031654
1.17 0.05600857142857138
1.18 0.06971682539682535
1.19 0.08342888888888887
1.2 0.09714285714285711
1.21 0.11085682539682536
1.22 0.1245688888888889
1.23 0.13827714285714288
1.24 0.15197968253968258
1.25 0.16567460317460322
1.26 0.17936000000000002
1.27 0.19303396825396832
1.28 0.20669460317460323
1.29 0.2203400000000001
1.3 0.23396825396825405
1.31 0.2475774603174604
1.32 0.2611657142857144
1.33 0.2747311111111112
1.34 0.2882717460317461
1.35 0.30178571428571443
1.36 0.3152711111111113
1.37 0.32872603174603193
1.3800000000000001 0.34214857142857164
1.3900000000000001 0.35553682539682563
1.4000000000000001 0.3688888888888891
1.41 0.382202857142857
1.42 0.3954768253968253
1.43 0.4087088888888888
1.44 0.4218971428571428
1.45 0.4350396825396825
1.46 0.4481346031746031
1.47 0.46118
1.48 0.4741739682539682
1.49 0.4871146031746032
1.5 0.5
