-2.25 -0.628173622722739
-2.24 -0.6204015233810046
-2.23 -0.6125633424416477
-2.22 -0.6046600776545339
-2.21 -0.5966927267695279
-2.2 -0.5886622875364954
-2.19 -0.5805697577053007
-2.18 -0.5724161350258098
-2.17 -0.5642024172478869
-2.16 -0.555929602121398
-2.15 -0.5475986873962074
-2.14 -0.539210670822181
-2.13 -0.530766550149183
-2.12 -0.5222673231270795
-2.11 -0.5137139875057345
-2.1 -0.505107541035014
-2.09 -0.4964489814647826
-2.08 -0.48773930654490594
-2.07 -0.4789795140252484
-2.06 -0.4701706016556759
-2.05 -0.46131356718605265
-2.04 -0.45240940836624466
-2.03 -0.44345912294611606
-2.02 -0.43446370867553297
-2.01 -0.42542416330435967
-2.0 -0.416341484582462
-1.99 -0.40721667025970437
-1.98 -0.3980507180859522
-1.97 -0.3888446258110706
-1.96 -0.37959939118492475
-1.95 -0.3703160119573795
-1.94 -0.36099548587830016
-1.93 -0.3516388106975518
-1.92 -0.34224698416499955
-1.91 -0.33282100403050835
-1.9 -0.3233618680439435
-1.8900000000000001 -0.31387057395517026
-1.88 -0.3043481195140531
-1.87 -0.29479550247045794
-1.8599999999999999 -0.28521372057424904
-1.85 -0.2756037715752923
-1.8399999999999999 -0.26596665322345214
-1.83 -0.2563033632685944
-1.82 -0.2466148994605835
-1.81 -0.23690225954928487
-1.8 -0.2271664412845635
-1.79 -0.2174084424162846
-1.78 -0.20762926069431326
-1.77 -0.19782989386851454
-1.76 -0.18801133968875353
-1.75 -0.17817459590489537
-1.74 -0.1683206602668052
-1.73 -0.15845053052434807
-1.72 -0.14856520442738905
-1.71 -0.13866567972579333
-1.7 -0.12875295416942598
-1.69 -0.11882802550815211
-1.68 -0.10889189149183678
-1.67 -0.09894554987034516
-1.6600000000000001 -0.08898999839354253
-1.65 -0.07902623481129334
-1.6400000000000001 -0.06905525687346363
-1.63 -0.059078062329917524
-1.62 -0.049095648930521096
-1.6099999999999999 -0.039109014425138526
-1.6 -0.02911915656363581
-1.5899999999999999 -0.01912707309587717
-1.58 -0.009133761771728593
-1.5699999999999998 0.0008597796589457031
-1.56 0.01085255344627973
-1.5499999999999998 0.02084356184040926
-1.54 0.030831807091468304
-1.53 0.04081629144959244
-1.52 0.050796017164916316
-1.51 0.06076998648757484
-1.5 0.0707372016677029
