1.5 0.5
1.51 0.5128286349206349
1.52 0.525600507936508
1.53 0.538316
1.54 0.5509754920634922
1.55 0.5635793650793652
1.56 0.5761280000000001
1.57 0.588621777777778
1.58 0.6010610793650795
1.59 0.6134462857142858
1.6 0.6257777777777779
1.61 0.6380559365079367
1.62 0.6502811428571431
1.63 0.6624537777777776
1.6400000000000001 0.6745742222222225
1.65 0.686642857142857
1.66 0.6986600634920634
1.67 0.7106262222222223
1.68 0.7225417142857142
1.69 0.7344069206349206
1.7 0.7462222222222221
1.71 0.757988
1.72 0.7697046349206349
1.73 0.7813725079365079
1.74 0.7929920000000001
1.75 0.8045634920634921
1.76 0.8160873650793652
1.77 0.827564
1.78 0.8389937777777778
1.79 0.8503770793650793
1.8 0.8617142857142859
1.81 0.873005777777778
1.82 0.8842519365079367
1.83 0.8954531428571431
1.84 0.9066097777777778
1.85 0.9177222222222224
1.8599999999999999 0.9287908571428569
1.87 0.9398160634920637
1.88 0.9507982222222222
1.8900000000000001 0.9617377142857144
1.9 0.9726349206349206
1.9100000000000001 0.9834902222222224
1.92 0.994304
1.93 1.0050766349206348
1.94 1.0158085079365078
1.95 1.0265
1.96 1.037151492063492
1.97 1.0477633650793652
1.98 1.0583360000000002
1.99 1.0688697777777778
2.0 1.0793650793650793
2.01 1.0898222857142854
2.02 1.100241777777778
2.0300000000000002 1.110623936507937
2.04 1.1209691428571429
2.05 1.1312777777777776
2.06 1.1415502222222222
2.0700000000000003 1.1517868571428576
2.08 1.1619880634920636
2.09 1.172154222222222
2.1 1.1822857142857144
2.11 1.1923829206349206
2.12 1.2024462222222225
2.13 1.2124759999999999
2.14 1.222472634920635
2.15 1.2324365079365078
2.16 1.2423680000000004
2.17 1.2522674920634922
2.18 1.2621353650793652
2.19 1.2719719999999999
2.2 1.281777777777778
2.21 1.2915530793650793
2.2199999999999998 1.3012982857142856
2.23 1.3110137777777777
2.24 1.3206999365079368
2.25 1.330357142857143
2.26 1.3399857777777777
2.27 1.3495862222222224
2.2800000000000002 1.3591588571428572
2.29 1.3687040634920635
2.3 1.378222222222222
2.31 1.3877137142857146
2.3200000000000003 1.3971789206349208
2.33 1.4066182222222223
2.34 1.416032
2.35 1.425420634920635
2.36 1.434784507936508
2.37 1.444124
2.38 1.4534394920634919
2.39 1.4627313650793652
2.4 1.472
2.41 1.4812457777777779
2.42 1.4904690793650794
2.43 1.4996702857142858
2.44 1.5088497777777778
2.45 1.5180079365079366
2.46 1.5271451428571428
2.4699999999999998 1.5362617777777776
2.48 1.5453582222222222
2.49 1.5544348571428575
2.5 1.5634920634920635
2.51 1.5725302222222222
2.52 1.5815497142857142
2.5300000000000002 1.5905509206349209
2.54 1.5995342222222224
2.55 1.6084999999999998
2.56 1.617448634920635
2.5700000000000003 1.6263805079365081
2.58 1.635296
2.59 1.644195492063492
2.6 1.6530793650793651
2.6100000000000003 1.6619480000000002
2.62 1.670801777777778
2.63 1.6796410793650793
2.64 1.6884662857142858
2.6500000000000004 1.697277777777778
2.66 1.7060759365079365
2.67 1.7148611428571428
2.6799999999999997 1.7236337777777775
2.69 1.7323942222222222
2.7 1.7411428571428573
2.71 1.7498800634920635
2.7199999999999998 1.758606222222222
2.73 1.7673217142857145
2.74 1.7760269206349208
2.75 1.7847222222222223
2.76 1.7934079999999997
2.77 1.802084634920635
2.7800000000000002 1.810752507936508
2.79 1.819412
2.8 1.828063492063492
2.81 1.836707365079365
2.8200000000000003 1.8453440000000003
2.83 1.8539737777777778
2.84 1.8625970793650792
2.85 1.8712142857142857
2.8600000000000003 1.879825777777778
2.87 1.8884319365079365
2.88 1.8970331428571428
2.89 1.905629777777778
2.9000000000000004 1.9142222222222225
2.91 1.9228108571428573
2.92 1.9313960634920633
2.9299999999999997 1.939978222222222
2.94 1.9485577142857142
2.95 1.957134920634921
2.96 1.9657102222222222
2.9699999999999998 1.9742839999999997
2.98 1.982856634920635
2.99 1.9914285079365082
3.0 2.0
