-2.25 -0.6281736227227392
-2.24 -0.6203612648389303
-2.23 -0.6124863175929799
-2.22 -0.6045496648465994
-2.21 -0.5965521904614997
-2.2 -0.5884947782993918
-2.19 -0.5803783122219864
-2.18 -0.5722036760909951
-2.17 -0.563971753768128
-2.16 -0.5556834291150972
-2.15 -0.5473395859936124
-2.14 -0.5389411082653858
-2.13 -0.5304888797921276
-2.12 -0.5219837844355493
-2.11 -0.5134267060573611
-2.1 -0.5048185285192751
-2.09 -0.4961601356830011
-2.08 -0.48745241141025125
-2.07 -0.4786962395627356
-2.06 -0.4698925040021658
-2.05 -0.4610420885902522
-2.04 -0.45214587718870647
-2.03 -0.4432047536592389
-2.02 -0.43421960186356123
-2.01 -0.4251913056633836
-2.0 -0.4161207489204179
-1.99 -0.40700881549637447
-1.98 -0.39785638925296446
-1.97 -0.38866435405189886
-1.96 -0.3794335937548888
-1.95 -0.370164992223645
-1.94 -0.3608594333198787
-1.93 -0.3515178009053007
-1.92 -0.3421409788416221
-1.91 -0.3327298509905539
-1.9 -0.32328530121380705
-1.8900000000000001 -0.31380821337309267
-1.88 -0.3042994713301212
