1.5 0.07073720166770296
1.51 0.06076998648757487
1.52 0.05079601716491633
1.53 0.040816291449592444
1.54 0.030831807091468322
1.55 0.02084356184040905
1.56 0.010852553446279743
1.57 0.0008597796589454795
1.58 -0.009133761771728609
1.59 -0.01912707309587739
1.6 -0.029119156563635826
1.61 -0.0391090144251387
1.62 -0.049095648930521076
1.63 -0.059078062329917504
1.6400000000000001 -0.06905525687346359
1.65 -0.07902623481129334
1.66 -0.08898999839354232
1.67 -0.09894554987034515
1.68 -0.1088918914918368
1.69 -0.11882802550815211
1.7 -0.12875295416942595
1.71 -0.1386656797257933
1.72 -0.14856520442738902
1.73 -0.15845053052434802
1.74 -0.1683206602668052
1.75 -0.1781745959048954
1.76 -0.18801133968875355
1.77 -0.19782989386851452
1.78 -0.20762926069431328
1.79 -0.21740844241628465
1.8 -0.22716644128456354
1.81 -0.23690225954928484
1.82 -0.24661489946058351
1.83 -0.2563033632685943
1.84 -0.26596665322345237
1.85 -0.27560377157529237
1.8599999999999999 -0.28521372057424904
1.87 -0.29479550247045794
1.88 -0.30434811951405316
1.8900000000000001 -0.31387057395517026
1.9 -0.3233618680439435
1.9100000000000001 -0.3328210040305086
1.92 -0.34224698416499955
1.93 -0.3516388106975518
1.94 -0.36099548587830016
1.95 -0.3703160119573795
1.96 -0.3795993911849247
1.97 -0.3888446258110707
1.98 -0.39805071808595227
1.99 -0.4072166702597044
2.0 -0.416341484582462
2.01 -0.42542416330435967
2.02 -0.4344637086755331
2.0300000000000002 -0.4434591229461165
2.04 -0.4524094083662446
2.05 -0.46131356718605265
2.06 -0.47017060165567587
2.0700000000000003 -0.4789795140252488
2.08 -0.48773930654490594
2.09 -0.49644898146478267
2.1 -0.505107541035014
2.11 -0.5137139875057345
2.12 -0.5222673231270794
2.13 -0.5307665501491831
2.14 -0.5392106708221809
2.15 -0.5475986873962075
2.16 -0.5559296021213981
2.17 -0.5642024172478869
2.18 -0.5724161350258099
2.19 -0.5805697577053007
2.2 -0.5886622875364954
2.21 -0.5966927267695279
2.2199999999999998 -0.6046600776545336
2.23 -0.6125633424416477
2.24 -0.6204015233810047
2.25 -0.6281736227227391
