-1.5 0.49999999999999994
-1.49 0.49073779610538365
-1.48 0.48150649255440997
-1.47 0.47230399999999984
-1.46 0.46312822909507434
-1.45 0.45397709049255425
-1.44 0.44484849484536076
-1.43 0.43574035280641454
-1.42 0.4266505750286368
-1.41 0.4175770721649483
-1.4 0.4085177548682702
-1.39 0.3994705337915233
-1.38 0.39043331958762867
-1.37 0.3814040229095075
-1.3599999999999999 0.37238055441008
-1.35 0.36336082474226805
-1.34 0.354342744558992
-1.33 0.345324224513173
-1.32 0.3363031752577319
-1.31 0.32727750744558987
-1.3 0.3182451317296679
-1.29 0.30920395876288664
-1.28 0.30015189919816726
-1.27 0.29108686368843073
-1.26 0.28200676288659793
-1.25 0.2729095074455899
-1.24 0.2637930080183275
-1.23 0.2546551752577319
-1.22 0.24549391981672386
-1.21 0.23630715234822441
-1.2 0.2270927835051545
-1.19 0.21784872394043525
-1.18 0.20857288430698734
-1.17 0.19926317525773185
-1.16 0.18991750744558983
-1.15 0.18053379152348215
-1.1400000000000001 0.17110993814432998
-1.13 0.16164385796105368
-1.12 0.15213346162657512
-1.1099999999999999 0.1425766597938143
-1.1 0.13297136311569308
-1.0899999999999999 0.12331548224513156
-1.08 0.11360692783505158
-1.07 0.10384361053837347
-1.06 0.09402344100801836
-1.05 0.08414432989690723
-1.04 0.07420418785796107
-1.03 0.06420092554410078
-1.02 0.05413245360824744
-1.01 0.04399668270332188
-1.0 0.033791523482245116
-0.99 0.023514886597938107
-0.98 0.013164682703321825
-0.97 0.002738822451317276
-0.96 -0.007764783505154681
-0.95 -0.018348224513173025
-0.94 -0.029013589919816805
-0.9299999999999999 -0.03976296907216502
-0.92 -0.05059845131729665
-0.91 -0.061522126002290914
-0.9 -0.0725360824742268
-0.89 -0.08364241008018329
-0.88 -0.0948431981672394
-0.87 -0.10614053608247424
-0.86 -0.11753651317296679
-0.85 -0.12903321878579616
-0.84 -0.14063274226804126
-0.83 -0.15233717296678126
-0.82 -0.16414860022909514
-0.8099999999999999 -0.17606911340206197
-0.7999999999999999 -0.18810080183276068
-0.79 -0.2002457548682703
-0.78 -0.21250606185567006
-0.77 -0.22488381214203892
-0.76 -0.23738109507445587
-0.75 -0.25
