1.5 0.07073720166770292
1.51 0.06075988626835566
1.52 0.05077640763380453
1.53 0.04078776553514256
1.54 0.03079495974346275
1.55 0.020798990029858064
1.56 0.010800856165421513
1.57 0.0008015579212460756
1.58 -0.009197904931575206
1.59 -0.01919653262194946
1.6 -0.029193325378783636
1.61 -0.039187283430984744
1.62 -0.04917740700745982
1.63 -0.059162696337115614
1.6400000000000001 -0.06914215164885983
1.65 -0.07911477317159862
1.66 -0.0890795611342396
1.67 -0.09903551576568961
1.68 -0.10898163729485566
1.69 -0.11891692595064475
1.7 -0.12884038196196387
1.71 -0.13875100555772008
1.72 -0.1486477969668204
1.73 -0.15852975641817177
1.74 -0.16839588414068124
1.75 -0.17824518036325585
1.76 -0.18807664531480256
1.77 -0.19788927922422847
1.78 -0.20768208232044053
1.79 -0.21745405483234576
1.8 -0.2272041969888512
1.81 -0.23693150901886378
1.82 -0.24663499115129056
1.83 -0.25631364361503856
1.84 -0.26596646663901485
1.85 -0.27559246045212643
1.8599999999999999 -0.28519062528328
1.87 -0.29475996136138327
