-3.0 2.0
-2.99 2.0827656651112645
-2.98 2.1594105007652966
-2.97 2.2301660650029045
-2.96 2.29525801562487
-2.95 2.3549062141177655
-2.94 2.4093248283508744
-2.93 2.4587224340530063
-2.92 2.50330211507816
-2.91 2.5432615624687607
-2.9 2.578793172325357
-2.89 2.6100841424914654
-2.88 2.637316568062362
-2.87 2.660667535726475
-2.86 2.6803092169480927
-2.85 2.69640896
-2.84 2.7091293808546872
-2.83 2.718628452942692
-2.82 2.7250595957866497
-2.81 2.728571762519562
-2.8 2.729309526295788
-2.79 2.7274131656032257
-2.78 2.723018748485104
-2.77 2.716258215679813
-2.76 2.7072594626871296
-2.75 2.6961464207691916
-2.74 2.683039136894539
-2.73 2.6680538526334976
-2.7199999999999998 2.651303082013177
-2.71 2.632895688340289
-2.7 2.6129369600000008
-2.69 2.591528685238968
-2.68 2.5687692259407164
-2.67 2.5447535904014336
-2.66 2.5195735051142876
-2.65 2.493317485570289
-2.64 2.4660709060837385
-2.63 2.4379160686502113
-2.62 2.408932270845082
-2.61 2.3791958727704574
-2.6 2.348780363058477
-2.59 2.3177564239387873
-2.58 2.286191995378074
-2.57 2.2541523382994244
-2.56 2.221700096889324
-2.55 2.1888953599999996
-2.54 2.155795721654871
-2.53 2.122456340664745
-2.52 2.0889299993624575
-2.51 2.0552671614635503
-2.5 2.0215160290606105
-2.49 1.9877225987588103
-2.48 1.9539307169602078
-2.4699999999999998 1.9201821343043073
-2.46 1.8865165592723456
-2.45 1.8529717109627606
-2.44 1.8195833710452618
-2.4299999999999997 1.7863854349008887
-2.42 1.7534099619553973
-2.41 1.7206872252133212
-2.4 1.6882457599999998
-2.39 1.656112411918837
-2.38 1.6243123840310192
-2.37 1.5928692832649218
-2.36 1.5618051660623529
-2.35 1.5311405832688108
-2.34 1.500894624274841
-2.33 1.4710849604156133
-2.32 1.4417278876357382
-2.31 1.4128383684263939
-2.3 1.3844300730417105
-2.29 1.356515420001433
-2.2800000000000002 1.3291056158867462
-2.27 1.3022106944362128
-2.26 1.2758395549486794
-2.25 1.25
-2.24 1.224698772480394
-2.23 1.199941591959236
-2.2199999999999998 1.1757331903840251
-2.21 1.1520773471202603
-2.2 1.1289769233389222
-2.19 1.1064338957582336
-2.1799999999999997 1.0844493897463297
-2.17 1.0630237117914456
-2.16 1.0421563813462018
-2.15 1.0218461620525325
-2.14 1.0020910923537825
-2.13 0.9828885155004413
-2.12 0.964235108956001
-2.11 0.94612691320933
-2.1 0.9285593600000002
-2.09 0.9115272999628952
-2.08 0.8950250296984746
-2.07 0.8790463182749694
-2.06 0.863584433168815
-2.05 0.8486321656495451
-2.04 0.8341818556153856
-2.0300000000000002 0.8202254158857187
-2.02 0.8067543559565884
-2.01 0.7937598052253694
-2.0 0.7812325356906976
-1.99 0.76916298413373
-1.98 0.7575412737867775
-1.97 0.7463572354953111
-1.96 0.735600428379324
-1.95 0.7252601599999999
-1.94 0.7153255060375987
-1.93 0.7057853294864569
-1.92 0.6966282993729537
-1.91 0.6878429090022754
-1.9 0.6794174937397754
-1.89 0.6713402483326975
-1.88 0.6635992437780023
-1.8699999999999999 0.6561824437420036
-1.8599999999999999 0.6490777205374976
-1.8499999999999999 0.6422728706640247
-1.84 0.635755629916895
-1.83 0.6295136880705536
-1.82 0.6235347031418542
-1.81 0.617806315238764
-1.8 0.61231616
-1.79 0.6070518816310682
-1.78 0.6020011455421395
-1.77 0.5971516505931778
-1.76 0.5924911409516901
-1.75 0.58800741756846
-1.74 0.5836883492765695
-1.73 0.5795218835190102
-1.72 0.5754960567101353
-1.71 0.5715990042361856
-1.7 0.5678189701000863
-1.69 0.5641443162156852
-1.68 0.5605635313565696
-1.67 0.557065239764575
-1.66 0.5536382094230601
-1.65 0.55027136
-1.64 0.5469537704659172
-1.63 0.5436746863916394
-1.6199999999999999 0.5404235269308416
-1.6099999999999999 0.5371898914923054
-1.5999999999999999 0.5339635661067926
-1.59 0.5307345294934016
-1.58 0.52749295883025
-1.57 0.5242292352342895
-1.56 0.5209339489550335
-1.55 0.5175979042869481
-1.54 0.5142121242052248
-1.53 0.5107678547296256
-1.52 0.5072565690210605
-1.51 0.5036699712155248
-1.5 0.5
-1.49 0.4962388319348839
-1.48 0.4923788845274929
-1.47 0.48841281906114553
-1.46 0.48433354318430577
-1.45 0.4801342132642382
-1.44 0.4758082365095936
-1.43 0.47134927286631606
-1.42 0.4667512366912305
-1.41 0.4620082982076415
-1.4 0.45711488474724377
-1.39 0.4520656817826134
-1.38 0.44685563375452153
-1.3699999999999999 0.4414799446982797
-1.3599999999999999 0.4359340786732969
-1.3499999999999999 0.4302137599999999
-1.3399999999999999 0.42431497330823603
-1.33 0.4182339634012493
-1.32 0.4119672349392897
-1.31 0.40551155194688765
-1.3 0.3988639371477925
-1.29 0.3920216711315456
-1.28 0.38498229135562984
-1.27 0.37774359098710475
-1.26 0.3703036175876096
-1.25 0.3626606716455824
-1.24 0.35481330495951874
-1.23 0.34676031887605757
-1.22 0.3385007623866594
-1.21 0.33003393008660215
-1.2 0.32135936
-1.19 0.312476831274514
-1.18 0.3033863617493955
-1.17 0.29408820540047353
-1.16 0.28458284966566744
-1.15 0.2748710126545749
-1.14 0.26495364024565754
-1.13 0.2548319030745135
-1.1199999999999999 0.24450719341670046
-1.1099999999999999 0.23398112196853751
-1.0999999999999999 0.22325551452928907
-1.0899999999999999 0.21233240858810165
-1.08 0.2012140498190337
-1.07 0.18990288848749004
-1.06 0.1784015757713449
-1.05 0.16671296000000005
-1.04 0.1548400828146032
-1.03 0.1427861752526166
-1.02 0.1305546537598976
-1.01 0.11814911613342238
-1.0 0.1055733373977544
-0.9899999999999998 0.0928312656183293
-0.98 0.07992701765459896
-0.9699999999999998 0.06686487485604081
-0.96 0.05364927870402554
-0.9500000000000002 0.04028482640247953
-0.94 0.026776266420277157
-0.9300000000000002 0.013128493988249813
-0.9199999999999999 -0.000653453446333243
-0.9100000000000001 -0.014564400804965238
-0.8999999999999999 -0.02859904000000011
-0.8900000000000001 -0.04275193459085766
-0.8799999999999999 -0.05701752447161288
-0.8700000000000001 -0.07139013058723824
-0.8599999999999999 -0.08586395967583643
-0.8500000000000001 -0.1004331090341918
-0.8399999999999999 -0.11509157130403862
-0.8300000000000001 -0.1298332392764334
-0.8199999999999998 -0.14465191071169034
-0.81 -0.15954129317232632
-0.7999999999999998 -0.17449500886653485
-0.79 -0.18950659949969492
-0.7799999999999998 -0.2045695311314947
-0.77 -0.2196771990362354
-0.7599999999999998 -0.23482293256395537
-0.75 -0.25
-0.7399999999999998 -0.2652016134207368
-0.73 -0.2804209335431015
-0.7199999999999998 -0.2956510745657348
-0.71 -0.3108851089994549
-0.6999999999999997 -0.32611607248488583
-0.69 -0.3413369685950465
-0.6800000000000002 -0.35654077362077946
-0.6699999999999999 -0.37172044133688986
-0.6600000000000001 -0.38686890774691823
-0.6499999999999999 -0.4019790958045015
-0.6400000000000001 -0.417043920109283
-0.6299999999999999 -0.43205629157539854
-0.6200000000000001 -0.4470091220705558
-0.6099999999999999 -0.4618953290237937
-0.6000000000000001 -0.4767078399999999
-0.5899999999999999 -0.4914395972393324
-0.5800000000000001 -0.5060835621596832
-0.5699999999999998 -0.5206327198203906
-0.56 -0.5350800833453971
-0.5499999999999998 -0.5494186983041206
-0.54 -0.5636416470482943
-0.5299999999999998 -0.577742053003105
-0.52 -0.5917130849109422
-0.5099999999999998 -0.6055479610261507
-0.5 -0.6192399532591577
-0.48999999999999977 -0.632782391268425
-0.48 -0.6461686664986624
-0.46999999999999975 -0.6593922361638069
-0.45999999999999996 -0.6724466271732676
-0.44999999999999973 -0.6853254400000004
-0.43999999999999995 -0.6980223524889695
-0.43000000000000016 -0.710531123604624
-0.41999999999999993 -0.7228455971160066
-0.41000000000000014 -0.7349597052181702
-0.3999999999999999 -0.7468674720886046
-0.3900000000000001 -0.7585630173773822
-0.3799999999999999 -0.7700405596298019
-0.3700000000000001 -0.7812944196402934
-0.3599999999999999 -0.7923190237364226
-0.3500000000000001 -0.8031089069918202
-0.33999999999999986 -0.8136587163669338
-0.33000000000000007 -0.8239632137764862
-0.31999999999999984 -0.8340172790825984
-0.31000000000000005 -0.8438159130125222
-0.2999999999999998 -0.8533542400000002
-0.29000000000000004 -0.8626275109492563
-0.2799999999999998 -0.8716311059206963
-0.27 -0.8803605367373823
-0.2599999999999998 -0.8888114495114171
-0.25 -0.8969796270893665
-0.23999999999999977 -0.9048609914159106
-0.22999999999999998 -0.9124516058149189
-0.21999999999999975 -0.9197476771871926
-0.20999999999999996 -0.9267455581241344
-0.19999999999999973 -0.9334417489366461
-0.18999999999999995 -0.9398328995985746
-0.18000000000000016 -0.9459158116040702
-0.16999999999999993 -0.9516874397382327
-0.16000000000000014 -0.9571448937604679
-0.1499999999999999 -0.96228544
-0.14000000000000012 -0.9671065028630111
-0.1299999999999999 -0.9716056662509178
-0.1200000000000001 -0.9757806748893184
-0.10999999999999988 -0.9796294355671752
-0.10000000000000009 -0.9831500182858303
-0.08999999999999986 -0.9863406573174784
-0.08000000000000007 -0.9891997521727502
-0.06999999999999984 -0.9917258684770973
-0.06000000000000005 -0.9939177387556863
-0.04999999999999982 -0.9957742631265559
-0.040000000000000036 -0.9972945099018037
-0.029999999999999805 -0.9984777160966145
-0.020000000000000018 -0.9993232878459629
-0.009999999999999787 -0.9998308007288541
0.0 -1.0
0.010000000000000231 -0.9998308007288541
0.020000000000000018 -0.9993232878459629
0.03000000000000025 -0.9984777160966144
0.040000000000000036 -0.9972945099018037
0.050000000000000266 -0.9957742631265558
0.06000000000000005 -0.9939177387556863
0.07000000000000028 -0.9917258684770973
0.08000000000000007 -0.9891997521727504
0.08999999999999986 -0.9863406573174784
0.10000000000000009 -0.9831500182858304
0.10999999999999988 -0.9796294355671751
0.1200000000000001 -0.9757806748893183
0.1299999999999999 -0.971605666250918
0.14000000000000012 -0.9671065028630109
0.1499999999999999 -0.96228544
0.16000000000000014 -0.9571448937604681
0.16999999999999993 -0.9516874397382329
0.18000000000000016 -0.9459158116040702
0.18999999999999995 -0.9398328995985749
0.20000000000000018 -0.9334417489366459
0.20999999999999996 -0.9267455581241344
0.2200000000000002 -0.9197476771871922
0.22999999999999998 -0.9124516058149187
0.2400000000000002 -0.9048609914159103
0.25 -0.8969796270893663
0.26000000000000023 -0.8888114495114169
0.27 -0.8803605367373825
0.28000000000000025 -0.8716311059206958
0.29000000000000004 -0.8626275109492564
0.30000000000000027 -0.8533542399999997
0.31000000000000005 -0.8438159130125225
0.3200000000000003 -0.834017279082598
0.33000000000000007 -0.8239632137764863
0.33999999999999986 -0.8136587163669338
0.3500000000000001 -0.8031089069918201
0.3599999999999999 -0.7923190237364226
0.3700000000000001 -0.7812944196402934
0.3799999999999999 -0.770040559629802
0.3900000000000001 -0.7585630173773821
0.3999999999999999 -0.7468674720886045
0.41000000000000014 -0.7349597052181701
0.41999999999999993 -0.7228455971160064
0.43000000000000016 -0.7105311236046239
0.43999999999999995 -0.6980223524889695
0.4500000000000002 -0.6853254399999998
0.45999999999999996 -0.6724466271732678
0.4700000000000002 -0.6593922361638063
0.48 -0.6461686664986624
0.4900000000000002 -0.6327823912684243
0.5 -0.6192399532591577
0.5100000000000002 -0.6055479610261502
0.52 -0.5917130849109422
0.5300000000000002 -0.5777420530031043
0.54 -0.5636416470482943
0.5500000000000003 -0.5494186983041199
0.56 -0.5350800833453971
0.5700000000000003 -0.52063271982039
0.5800000000000001 -0.5060835621596833
0.5899999999999999 -0.49143959723933245
0.6000000000000001 -0.47670783999999994
0.6099999999999999 -0.46189532902379377
0.6200000000000001 -0.4470091220705556
0.6299999999999999 -0.43205629157539877
0.6400000000000001 -0.417043920109283
0.6499999999999999 -0.4019790958045015
0.6600000000000001 -0.3868689077469183
0.6699999999999999 -0.37172044133688975
0.6800000000000002 -0.35654077362077957
0.69 -0.3413369685950464
0.7000000000000002 -0.3261160724848853
0.71 -0.31088510899945493
0.7200000000000002 -0.2956510745657339
0.73 -0.2804209335431016
0.7400000000000002 -0.2652016134207362
0.75 -0.25
0.7600000000000002 -0.23482293256395462
0.77 -0.21967719903623512
0.7800000000000002 -0.20456953113149415
0.79 -0.18950659949969506
0.8000000000000003 -0.17449500886653427
0.81 -0.15954129317232646
0.8200000000000003 -0.1446519107116898
0.8300000000000001 -0.12983323927643345
0.8399999999999999 -0.11509157130403862
0.8500000000000001 -0.10043310903419225
0.8599999999999999 -0.08586395967583665
0.8700000000000001 -0.07139013058723859
0.8799999999999999 -0.057017524471613124
0.8900000000000001 -0.042751934590857646
0.8999999999999999 -0.028599039999999708
0.9100000000000001 -0.014564400804965474
0.9199999999999999 -0.0006534534463335032
0.9300000000000002 0.013128493988250244
0.94 0.02677626642027741
0.9500000000000002 0.040284826402479657
0.96 0.05364927870402559
0.9700000000000002 0.06686487485604109
0.98 0.079927017654599
0.9900000000000002 0.09283126561832987
1.0 0.1055733373977546
1.0099999999999998 0.1181491161334216
1.0200000000000005 0.13055465375989792
1.0300000000000002 0.14278617525261647
1.04 0.15484008281460318
1.0499999999999998 0.16671295999999985
1.0600000000000005 0.1784015757713451
1.0700000000000003 0.1899028884874901
1.08 0.20121404981903349
1.0899999999999999 0.21233240858810143
1.0999999999999996 0.2232555145292885
1.1100000000000003 0.23398112196853757
1.12 0.24450719341670057
1.13 0.2548319030745136
1.1399999999999997 0.26495364024565704
1.1500000000000004 0.274871012654575
1.1600000000000001 0.2845828496656675
1.17 0.2940882054004741
1.1799999999999997 0.3033863617493958
1.1900000000000004 0.312476831274514
1.2000000000000002 0.32135935999999954
1.21 0.3300339300866021
1.2199999999999998 0.33850076238665955
1.2300000000000004 0.3467603188760576
1.2400000000000002 0.35481330495951807
1.25 0.3626606716455816
1.2599999999999998 0.3703036175876089
1.2700000000000005 0.37774359098710414
1.2800000000000002 0.3849822913556294
1.29 0.39202167113154573
1.2999999999999998 0.3988639371477917
1.3100000000000005 0.4055115519468878
1.3200000000000003 0.41196723493928783
1.33 0.41823396340124896
1.3399999999999999 0.4243149733082361
1.3500000000000005 0.4302137599999988
1.3600000000000003 0.4359340786732967
1.37 0.44147994469828084
1.38 0.44685563375452136
1.3899999999999997 0.45206568178261364
1.4000000000000004 0.4571148847472424
1.4100000000000001 0.46200829820764316
1.42 0.46675123669123086
1.4299999999999997 0.47134927286631423
1.4400000000000004 0.4758082365095926
1.4500000000000002 0.4801342132642363
1.46 0.48433354318430644
1.4699999999999998 0.48841281906114503
1.4800000000000004 0.49237888452749484
1.4900000000000002 0.4962388319348848
1.5 0.5000000000000018
1.5099999999999998 0.503669971215526
1.5200000000000005 0.5072565690210596
1.5300000000000002 0.5107678547296263
1.54 0.5142121242052237
1.5499999999999998 0.5175979042869477
1.5600000000000005 0.5209339489550311
1.5700000000000003 0.5242292352342904
1.58 0.5274929588302506
1.5899999999999999 0.5307345294934017
1.6000000000000005 0.5339635661067899
1.6100000000000003 0.5371898914923041
1.62 0.5404235269308423
1.63 0.543674686391639
1.6399999999999997 0.546953770465916
1.6500000000000004 0.5502713599999988
1.6600000000000001 0.5536382094230612
1.67 0.5570652397645764
1.6799999999999997 0.5605635313565687
1.6900000000000004 0.5641443162156834
1.7000000000000002 0.5678189701000866
1.71 0.5715990042361877
1.7199999999999998 0.5754960567101386
1.7300000000000004 0.5795218835190086
1.7400000000000002 0.5836883492765694
1.75 0.5880074175684624
1.7599999999999998 0.5924911409516871
1.7700000000000005 0.5971516505931771
1.7800000000000002 0.6020011455421359
1.79 0.6070518816310673
1.7999999999999998 0.6123161600000002
1.8100000000000005 0.6178063152387638
1.8200000000000003 0.6235347031418571
1.83 0.6295136880705519
1.8399999999999999 0.6357556299168934
1.8500000000000005 0.6422728706640226
1.8600000000000003 0.6490777205374979
1.87 0.6561824437420036
1.88 0.6635992437779972
1.8899999999999997 0.6713402483326928
1.9000000000000004 0.6794174937397756
1.9100000000000001 0.6878429090022714
1.92 0.6966282993729536
1.9299999999999997 0.7057853294864527
1.9400000000000004 0.7153255060375999
1.9500000000000002 0.725260160000006
1.96 0.7356004283793214
1.9699999999999998 0.7463572354953134
1.9800000000000004 0.7575412737867813
1.9900000000000002 0.7691629841337349
2.0 0.7812325356907017
2.01 0.7937598052253735
2.0200000000000005 0.8067543559565868
2.0300000000000002 0.820225415885717
2.04 0.834181855615388
2.05 0.8486321656495441
2.0600000000000005 0.8635844331688196
2.0700000000000003 0.8790463182749698
2.08 0.8950250296984741
2.09 0.9115272999628985
2.1000000000000005 0.92855936
2.1100000000000003 0.9461269132093277
2.12 0.9642351089559994
2.13 0.9828885155004419
2.1399999999999997 1.002091092353786
2.1500000000000004 1.0218461620525296
2.16 1.0421563813461967
2.17 1.0630237117914496
2.1799999999999997 1.0844493897463325
2.1900000000000004 1.1064338957582451
2.2 1.128976923338921
2.21 1.1520773471202652
2.2199999999999998 1.1757331903840291
2.2300000000000004 1.1999415919592338
2.24 1.224698772480387
2.25 1.2499999999999893
2.26 1.2758395549486725
2.2700000000000005 1.302210694436208
2.2800000000000002 1.3291056158867356
2.29 1.3565154200014342
2.3 1.3844300730417112
2.3100000000000005 1.412838368426395
2.3200000000000003 1.4417278876357364
2.33 1.4710849604156135
2.34 1.5008946242748356
2.3500000000000005 1.531140583268808
2.3600000000000003 1.5618051660623595
2.37 1.5928692832649434
2.38 1.624312384030997
2.3899999999999997 1.6561124119188322
2.4000000000000004 1.6882457599999918
2.41 1.7206872252133263
2.42 1.7534099619553944
2.4299999999999997 1.7863854349008874
2.4400000000000004 1.819583371045258
2.45 1.8529717109627406
2.46 1.886516559272347
2.4699999999999998 1.9201821343043233
2.4800000000000004 1.9539307169602282
2.49 1.987722598758809
2.5 2.0215160290606113
2.51 2.0552671614635494
2.5200000000000005 2.0889299993624406
2.5300000000000002 2.1224563406647614
2.54 2.1557957216548607
2.55 2.1888953599999907
2.5600000000000005 2.2217000968893474
2.5700000000000003 2.2541523382994235
2.58 2.2861919953780836
2.59 2.3177564239387767
2.6000000000000005 2.3487803630584665
2.6100000000000003 2.379195872770482
2.62 2.4089322708450833
2.63 2.4379160686502415
2.6399999999999997 2.466070906083764
2.6500000000000004 2.4933174855702758
2.66 2.519573505114285
2.67 2.544753590401407
2.6799999999999997 2.568769225940711
2.6900000000000004 2.591528685238961
2.7 2.6129369600000008
2.71 2.6328956883403016
2.7199999999999998 2.6513030820131647
2.7300000000000004 2.6680538526335305
2.74 2.6830391368945268
2.75 2.6961464207692263
2.76 2.7072594626871247
2.7700000000000005 2.7162582156798116
2.7800000000000002 2.7230187484850923
2.79 2.727413165603217
2.8 2.729309526295813
2.8100000000000005 2.7285717625195485
2.8200000000000003 2.7250595957866466
2.83 2.7186284529427134
2.84 2.7091293808546766
2.8500000000000005 2.696408959999985
2.8600000000000003 2.6803092169481566
2.87 2.6606675357264713
2.88 2.6373165680623565
2.8899999999999997 2.610084142491477
2.9000000000000004 2.57879317232538
2.91 2.5432615624687713
2.92 2.5033021150781174
2.9299999999999997 2.45872243405303
2.9400000000000004 2.409324828350872
2.95 2.3549062141177366
2.96 2.295258015624878
2.9699999999999998 2.230166065002912
2.9800000000000004 2.1594105007653077
2.99 2.082765665111296
3.0 1.9999999999999432
