-3.0 2.0
-2.99 9.779019938840566
-2.98 16.237081080871505
-2.97 21.518447918415745
-2.96 25.755244718823988
-2.95 29.068289340994497
-2.94 31.567879162096936
-2.93 33.35453143816809
-2.92 34.519680326796404
-2.91 35.146332707952396
-2.9 35.30968485008803
-2.89 35.07770188280246
-2.88 34.511661954581754
-2.87 33.66666687426271
-2.86 32.592120957868445
-2.85 31.332179728227256
-2.84 29.92617004323145
-2.83 28.408983159645555
-2.82 26.81144217294515
-2.81 25.16064520969282
-2.8 23.480285687349287
-2.79 21.790950897116247
-2.78 20.11040010832643
-2.77 18.45382333798334
-2.76 16.834081876222335
-2.75 15.261931607669254
-2.74 13.746230119829441
-2.73 12.294128542704076
-2.7199999999999998 10.911249018726753
-2.71 9.601848658791035
-2.7 8.36897079853826
-2.69 7.214584329138193
-2.68 6.139711838467665
-2.67 5.144547261822382
-2.66 4.228563706033791
-2.65 3.3906120770500583
-2.64 2.6290111086381986
-2.63 1.9416293588148672
-2.62 1.3259597108801433
-2.61 0.7791868874570927
-2.6 0.29824845869501204
-2.59 -0.120110200274826
-2.58 -0.47928657246936257
-2.57 -0.7827768764407459
-2.56 -1.0341367743617385
-2.55 -1.2369465490035074
-2.54 -1.3947804085660374
-2.53 -1.5111795981413452
-2.52 -1.5896290154949235
-2.51 -1.6335370468775587
-2.5 -1.6462183557588994
-2.49 -1.6308793737389826
-2.48 -1.590606258474165
-2.4699999999999998 -1.5283550982803538
-2.46 -1.4469441571773816
-2.45 -1.3490479675424236
-2.44 -1.2371930902745838
-2.4299999999999997 -1.1137553744635325
-2.42 -0.98095856002805
-2.41 -0.8408740776703656
-2.4 -0.6954219108030734
-2.39 -0.5463723938705821
-2.38 -0.39534883072879934
-2.37 -0.2438308254873074
-2.36 -0.09315822647773442
-2.35 0.05546440818783416
-2.34 0.20096290764578173
-2.33 0.3423882251362711
-2.32 0.4789108853896116
-2.31 0.6098152070983319
-2.3 0.7344933592485023
-2.29 0.8524393046534776
-2.2800000000000002 0.9632426789390931
-2.27 1.0665826484546328
-2.26 1.1622217861148691
-2.25 1.25
-2.24 1.32982854563885
-2.23 1.4016841492629
-2.2199999999999998 1.4656032659317075
-2.21 1.5216764932816012
-2.2 1.5700431587273207
-2.19 1.6108860952390684
-2.1799999999999997 1.6444266183141807
-2.17 1.6709197144526844
-2.16 1.6906494493191517
-2.15 1.7039246018197618
-2.14 1.7110745285338442
-2.13 1.7124452613043721
-2.12 1.7083958393032395
-2.11 1.699294875536315
-2.1 1.6855173565323154
-2.09 1.6674416728606956
-2.08 1.6454468771398614
-2.07 1.6199101653208092
-2.06 1.5912045762563594
-2.05 1.5596969038857442
-2.04 1.525745815772575
-2.0300000000000002 1.4897001712250346
-2.02 1.4518975317951186
-2.01 1.4126628565933914
-2.0 1.3723073745619867
-1.99 1.331127625616643
-1.98 1.289404662393738
-1.97 1.2474034042161612
-1.96 1.2053721348183384
-1.95 1.1635421353417243
-1.94 1.1221274441238798
-1.93 1.0813247348532584
-1.92 1.0413133047446481
-1.91 1.002255164503628
-1.9 0.9642952219893693
-1.89 0.9275615516507787
-1.88 0.8921657419985878
-1.8699999999999999 0.8582033135830577
-1.8599999999999999 0.8257542001710058
-1.8499999999999999 0.7948832860546612
-1.84 0.7656409926762759
-1.83 0.7380639080144398
-1.82 0.7121754524488837
-1.81 0.6879865750983173
-1.8 0.6654964749090949
-1.79 0.6446933410595453
-1.78 0.6255551075343445
-1.77 0.6080502170139981
-1.76 0.5921383895151366
-1.75 0.5777713915068073
-1.74 0.5648938015152186
-1.73 0.5534437685135523
-1.72 0.5433537596736353
-1.71 0.5345512943316446
-1.7 0.5269596612899762
-1.69 0.5204986168412007
-1.68 0.5150850611571993
-1.67 0.5106336909365223
-1.66 0.5070576264453506
-1.65 0.5042690113217627
-1.64 0.5021795837389742
-1.63 0.5007012177405562
-1.6199999999999999 0.4997464337690991
-1.6099999999999999 0.49922887760919255
-1.5999999999999999 0.49906376715579254
-1.59 0.49916830659992684
-1.58 0.49946206779517915
-1.57 0.49986733873047456
-1.56 0.5003094391873345
-1.55 0.5007170038030322
-1.54 0.5010222328949915
-1.53 0.501161111526444
-1.52 0.501073597408876
-1.51 0.500703778343296
-1.5 0.5
-1.49 0.49891496492543946
-1.48 0.4974058037452495
-1.47 0.49543411960460865
-1.46 0.49296600695114967
-1.45 0.4899720458218261
-1.44 0.4864272728436981
-1.43 0.48231113019980837
-1.42 0.4776073938454031
-1.41 0.47230408228701215
-1.4 0.4663933472575821
-1.39 0.4598713476352569
-1.38 0.4527381079617861
-1.3699999999999999 0.44499736291921416
-1.3599999999999999 0.4366563891207361
-1.3499999999999999 0.4277258255637019
-1.3399999999999999 0.41821948407997855
-1.33 0.40815415110155895
-1.32 0.39754938203769036
-1.31 0.38642728953419814
-1.3 0.3748123268563654
-1.29 0.3627310676039931
-1.28 0.3502119829313708
-1.27 0.33728521740611467
-1.26 0.32398236459944957
-1.25 0.3103362434567688
-1.24 0.296380676451487
-1.23 0.28215027047752234
-1.22 0.2676802013864847
-1.21 0.2530060030250114
-1.2 0.2381633615759408
-1.19 0.2231879159543488
-1.18 0.20811506495612161
-1.17 0.19297978180290842
-1.16 0.177816436673181
-1.15 0.16265862775493015
-1.14 0.14753902130142377
-1.13 0.1324892011176217
-1.1199999999999999 0.1175395278514525
-1.1099999999999999 0.10271900841136992
-1.0999999999999999 0.08805517577956865
-1.0899999999999999 0.07357397943909644
-1.08 0.0592996865829878
-1.07 0.04525479422458069
-1.06 0.03145995228049932
-1.05 0.01793389765146712
-1.04 0.0046933992813029245
-1.03 -0.008246785868803999
-1.02 -0.020873946035230934
-1.01 -0.033177437200416375
-1.0 -0.04514869515730635
-0.9899999999999998 -0.05678123730832989
-0.98 -0.06807065445174308
-0.9699999999999998 -0.07901459284048569
-0.96 -0.08961272682897264
-0.9500000000000002 -0.09986672245152432
-0.94 -0.10978019230231022
-0.9300000000000002 -0.11935864211081589
-0.9199999999999999 -0.12860940942886814
-0.9100000000000001 -0.1375415948651702
-0.8999999999999999 -0.1461659863211574
-0.8900000000000001 -0.1544949766977049
-0.8799999999999999 -0.16254247555591586
-0.8700000000000001 -0.17032381522680484
-0.8599999999999999 -0.17785565187429508
-0.8500000000000001 -0.1851558620234905
-0.8399999999999999 -0.1922434350718058
-0.8300000000000001 -0.19913836230417084
-0.8199999999999998 -0.2058615229353113
-0.81 -0.21243456770199892
-0.7999999999999998 -0.218879800526298
-0.79 -0.22522005876718082
-0.7799999999999998 -0.23147859257257797
-0.77 -0.237678943836956
-0.7599999999999998 -0.2438448252610086
-0.75 -0.25
-0.7399999999999998 -0.25616816237585704
-0.73 -0.2623728201152556
-0.7199999999999998 -0.26863717856184255
-0.71 -0.274984027295375
-0.6999999999999997 -0.28143562957407864
-0.69 -0.2880136149989597
-0.6800000000000002 -0.29473887578026037
-0.6699999999999999 -0.3016314669667742
-0.6600000000000001 -0.3087105109784405
-0.6499999999999999 -0.3159941067615855
-0.6400000000000001 -0.3234992438644296
-0.6299999999999999 -0.3312417217081714
-0.6200000000000001 -0.33923607430609165
-0.6099999999999999 -0.3474955006598546
-0.6000000000000001 -0.35603180103852344
-0.5899999999999999 -0.3648553193219004
-0.5800000000000001 -0.3739748915656504
-0.5699999999999998 -0.3833978009214393
-0.56 -0.39312973902097686
-0.5499999999999998 -0.4031747739085973
-0.54 -0.41353532458278686
-0.5299999999999998 -0.42421214218306336
-0.52 -0.4352042978347868
-0.5099999999999998 -0.44650917714100896
-0.5 -0.458122481287308
-0.48999999999999977 -0.47003823470287576
-0.48 -0.48224879919887725
-0.46999999999999975 -0.4947448944834634
-0.45999999999999996 -0.5075156249317154
-0.44999999999999973 -0.5205485124684222
-0.43999999999999995 -0.5338295354018509
-0.43000000000000016 -0.5473431730277619
-0.41999999999999993 -0.5610724558047316
-0.41000000000000014 -0.5749990208845723
-0.3999999999999999 -0.5891031727652126
-0.3900000000000001 -0.6033639488178805
-0.3799999999999999 -0.6177591894259324
-0.3700000000000001 -0.6322656124590608
-0.3599999999999999 -0.6468588917941206
-0.3500000000000001 -0.6615137395822699
-0.33999999999999986 -0.6762039919517127
-0.33000000000000007 -0.6909026978259383
-0.31999999999999984 -0.7055822105291265
-0.31000000000000005 -0.7202142818431871
-0.2999999999999998 -0.734770158174916
-0.29000000000000004 -0.7492206784867974
-0.2799999999999998 -0.7635363736412423
-0.27 -0.7776875668053698
-0.2599999999999998 -0.7916444745619577
-0.25 -0.8053773083717546
-0.23999999999999977 -0.818856376033104
-0.22999999999999998 -0.8320521827866307
-0.21999999999999975 -0.8449355317156774
-0.20999999999999996 -0.8574776230971519
-0.19999999999999973 -0.8696501523625279
-0.18999999999999995 -0.881425406334784
-0.18000000000000016 -0.8927763574142084
-0.16999999999999993 -0.9036767553940334
-0.16000000000000014 -0.91410121659593
-0.1499999999999999 -0.924025310025338
-0.14000000000000012 -0.9334256402574534
-0.1299999999999999 -0.9422799267764113
-0.1200000000000001 -0.9505670795027084
-0.10999999999999988 -0.9582672702572281
-0.10000000000000009 -0.9653619999242395
-0.08999999999999986 -0.9718341610905014
-0.08000000000000007 -0.9776680959529553
-0.06999999999999984 -0.9828496493034847
-0.06000000000000005 -0.9873662164157432
-0.04999999999999982 -0.9912067856761083
-0.040000000000000036 -0.9943619758182914
-0.029999999999999805 -0.9968240676390634
-0.020000000000000018 -0.9985870300907794
-0.009999999999999787 -0.9996465406649642
0.0 -1.0
0.010000000000000231 -0.9996465406649641
0.020000000000000018 -0.9985870300907794
0.03000000000000025 -0.9968240676390636
0.040000000000000036 -0.9943619758182914
0.050000000000000266 -0.9912067856761084
0.06000000000000005 -0.9873662164157435
0.07000000000000028 -0.9828496493034844
0.08000000000000007 -0.9776680959529552
0.08999999999999986 -0.9718341610905014
0.10000000000000009 -0.9653619999242397
0.10999999999999988 -0.9582672702572284
0.1200000000000001 -0.9505670795027087
0.1299999999999999 -0.942279926776411
0.14000000000000012 -0.9334256402574533
0.1499999999999999 -0.9240253100253384
0.16000000000000014 -0.91410121659593
0.16999999999999993 -0.9036767553940335
0.18000000000000016 -0.8927763574142086
0.18999999999999995 -0.8814254063347841
0.20000000000000018 -0.8696501523625275
0.20999999999999996 -0.8574776230971518
0.2200000000000002 -0.844935531715677
0.22999999999999998 -0.8320521827866308
0.2400000000000002 -0.8188563760331036
0.25 -0.8053773083717544
0.26000000000000023 -0.7916444745619571
0.27 -0.7776875668053697
0.28000000000000025 -0.7635363736412416
0.29000000000000004 -0.7492206784867974
0.30000000000000027 -0.7347701581749154
0.31000000000000005 -0.7202142818431873
0.3200000000000003 -0.705582210529126
0.33000000000000007 -0.6909026978259383
0.33999999999999986 -0.6762039919517125
0.3500000000000001 -0.6615137395822698
0.3599999999999999 -0.6468588917941207
0.3700000000000001 -0.6322656124590605
0.3799999999999999 -0.6177591894259324
0.3900000000000001 -0.6033639488178809
0.3999999999999999 -0.5891031727652127
0.41000000000000014 -0.5749990208845726
0.41999999999999993 -0.5610724558047313
0.43000000000000016 -0.5473431730277617
0.43999999999999995 -0.5338295354018507
0.4500000000000002 -0.5205485124684216
0.45999999999999996 -0.5075156249317155
0.4700000000000002 -0.4947448944834626
0.48 -0.4822487991988774
0.4900000000000002 -0.47003823470287504
0.5 -0.45812248128730815
0.5100000000000002 -0.44650917714100824
0.52 -0.43520429783478704
0.5300000000000002 -0.42421214218306297
0.54 -0.41353532458278625
0.5500000000000003 -0.4031747739085974
0.56 -0.39312973902097703
0.5700000000000003 -0.3833978009214392
0.5800000000000001 -0.37397489156565084
0.5899999999999999 -0.3648553193219012
0.6000000000000001 -0.3560318010385227
0.6099999999999999 -0.3474955006598555
0.6200000000000001 -0.33923607430609104
0.6299999999999999 -0.33124172170817046
0.6400000000000001 -0.3234992438644286
0.6499999999999999 -0.3159941067615856
0.6600000000000001 -0.3087105109784392
0.6699999999999999 -0.30163146696677445
0.6800000000000002 -0.29473887578026087
0.69 -0.28801361499896033
0.7000000000000002 -0.281435629574079
0.71 -0.2749840272953746
0.7200000000000002 -0.2686371785618404
0.73 -0.2623728201152547
0.7400000000000002 -0.2561681623758581
0.75 -0.25
0.7600000000000002 -0.2438448252610085
0.77 -0.2376789438369553
0.7800000000000002 -0.23147859257257672
0.79 -0.22522005876718304
0.8000000000000003 -0.21887980052629635
0.81 -0.21243456770200045
0.8200000000000003 -0.2058615229353093
0.8300000000000001 -0.19913836230417045
0.8399999999999999 -0.19224343507180303
0.8500000000000001 -0.18515586202348872
0.8599999999999999 -0.17785565187429211
0.8700000000000001 -0.17032381522680257
0.8799999999999999 -0.1625424755559133
0.8900000000000001 -0.15449497669770604
0.8999999999999999 -0.14616598632115546
0.9100000000000001 -0.13754159486516326
0.9199999999999999 -0.12860940942886695
0.9300000000000002 -0.11935864211080577
0.94 -0.10978019230230977
0.9500000000000002 -0.09986672245152677
0.96 -0.08961272682897542
0.9700000000000002 -0.07901459284048554
0.98 -0.06807065445173652
0.9900000000000002 -0.05678123730833425
1.0 -0.04514869515729612
1.0099999999999998 -0.033177437200403004
1.0200000000000005 -0.02087394603521449
1.0300000000000002 -0.0082467858688102
1.04 0.004693399281315257
1.0499999999999998 0.01793389765146393
1.0600000000000005 0.03145995228050284
1.0700000000000003 0.04525479422457456
1.08 0.059299686583002095
1.0899999999999999 0.07357397943911367
1.0999999999999996 0.08805517577957522
1.1100000000000003 0.10271900841137052
1.12 0.11753952785146637
1.13 0.13248920111761125
1.1399999999999997 0.14753902130142535
1.1500000000000004 0.16265862775492296
1.1600000000000001 0.17781643667319894
1.17 0.1929797818029012
1.1799999999999997 0.20811506495611484
1.1900000000000004 0.22318791595439205
1.2000000000000002 0.23816336157594267
1.21 0.25300600302499854
1.2199999999999998 0.26768020138650583
1.2300000000000004 0.2821502704775447
1.2400000000000002 0.29638067645147115
1.25 0.31033624345678285
1.2599999999999998 0.32398236459944907
1.2700000000000005 0.33728521740610856
1.2800000000000002 0.35021198293140576
1.29 0.3627310676040224
1.2999999999999998 0.3748123268563909
1.3100000000000005 0.38642728953421257
1.3200000000000003 0.39754938203768747
1.33 0.4081541511016035
1.3399999999999999 0.41821948407996273
1.3500000000000005 0.4277258255637916
1.3600000000000003 0.4366563891207544
1.37 0.44499736291927006
1.38 0.452738107961818
1.3899999999999997 0.4598713476352147
1.4000000000000004 0.46639334725759285
1.4100000000000001 0.47230408228714466
1.42 0.47760739384547424
1.4299999999999997 0.482311130199888
1.4400000000000004 0.4864272728437762
1.4500000000000002 0.48997204582190396
1.46 0.492966006951117
1.4699999999999998 0.4954341196046088
1.4800000000000004 0.49740580374521737
1.4900000000000002 0.49891496492551446
1.5 0.5
1.5099999999999998 0.500703778343458
1.5200000000000005 0.5010735974088418
1.5300000000000002 0.5011611115265345
1.54 0.5010222328949692
1.5499999999999998 0.5007170038030655
1.5600000000000005 0.5003094391874922
1.5700000000000003 0.49986733873061084
1.58 0.4994620677951181
1.5899999999999999 0.49916830660036116
1.6000000000000005 0.49906376715585576
1.6100000000000003 0.499228877609029
1.62 0.499746433769382
1.63 0.5007012177405772
1.6399999999999997 0.5021795837387726
1.6500000000000004 0.504269011321868
1.6600000000000001 0.5070576264454341
1.67 0.5106336909366183
1.6799999999999997 0.5150850611572717
1.6900000000000004 0.5204986168411659
1.7000000000000002 0.5269596612902064
1.71 0.5345512943316109
1.7199999999999998 0.5433537596738014
1.7300000000000004 0.5534437685138195
1.7400000000000002 0.5648938015152171
1.75 0.5777713915069143
1.7599999999999998 0.5921383895156358
1.7700000000000005 0.6080502170137366
1.7800000000000002 0.6255551075347197
1.79 0.6446933410593676
1.7999999999999998 0.6654964749091683
1.8100000000000005 0.6879865750983809
1.8200000000000003 0.7121754524495666
1.83 0.7380639080147805
1.8399999999999999 0.765640992676523
1.8500000000000005 0.7948832860552332
1.8600000000000003 0.8257542001712819
1.87 0.8582033135825619
1.88 0.8921657419979194
1.8899999999999997 0.9275615516508133
1.9000000000000004 0.964295221989152
1.9100000000000001 1.002255164504183
1.92 1.0413133047449565
1.9299999999999997 1.0813247348531592
1.9400000000000004 1.1221274441232745
1.9500000000000002 1.1635421353421114
1.96 1.2053721348185233
1.9699999999999998 1.2474034042164859
1.9800000000000004 1.2894046623942055
1.9900000000000002 1.3311276256173863
2.0 1.3723073745618062
2.01 1.412662856593376
2.0200000000000005 1.4518975317951806
2.0300000000000002 1.4897001712242388
2.04 1.5257458157720911
2.05 1.5596969038865944
2.0600000000000005 1.5912045762576166
2.0700000000000003 1.6199101653224186
2.08 1.6454468771403343
2.09 1.6674416728595425
2.1000000000000005 1.6855173565321102
2.1100000000000003 1.699294875536114
2.12 1.7083958393061291
2.13 1.7124452613055798
2.1399999999999997 1.7110745285342026
2.1500000000000004 1.703924601821689
2.16 1.690649449319267
2.17 1.6709197144532946
2.1799999999999997 1.6444266183130298
2.1900000000000004 1.6108860952401385
2.2 1.5700431587260928
2.21 1.5216764932834412
2.2199999999999998 1.4656032659347393
2.2300000000000004 1.4016841492632026
2.24 1.3298285456450825
2.25 1.2499999999965894
2.26 1.1622217861123005
2.2700000000000005 1.0665826484569867
2.2800000000000002 0.9632426789395607
2.29 0.8524393046565768
2.3 0.7344933592514298
2.3100000000000005 0.609815207099698
2.3200000000000003 0.4789108853871844
2.33 0.34238822513635103
2.34 0.2009629076490551
2.3500000000000005 0.05546440818295384
2.3600000000000003 -0.09315822647733807
2.37 -0.24383082548878576
2.38 -0.3953488307268751
2.3899999999999997 -0.5463723938642229
2.4000000000000004 -0.695421910813204
2.41 -0.8408740776736146
2.42 -0.9809585600257407
2.4299999999999997 -1.1137553744663418
2.4400000000000004 -1.2371930902791082
2.45 -1.3490479675401197
2.46 -1.446944157172842
2.4699999999999998 -1.528355098291378
2.4800000000000004 -1.5906062584855842
2.49 -1.6308793737327782
2.5 -1.6462183557463312
2.51 -1.633537046872103
2.5200000000000005 -1.5896290154897912
2.5300000000000002 -1.5111795981476988
2.54 -1.3947804085630686
2.55 -1.236946548999855
2.5600000000000005 -1.0341367743685996
2.5700000000000003 -0.7827768764369054
2.58 -0.47928657245219597
2.59 -0.12011020028121955
2.6000000000000005 0.2982484586946619
2.6100000000000003 0.7791868874617798
2.62 1.3259597108758832
2.63 1.9416293588169755
2.6399999999999997 2.629011108636954
2.6500000000000004 3.3906120770606076
2.66 4.228563706048593
2.67 5.1445472618
2.6799999999999997 6.13971183845851
2.6900000000000004 7.2145843291519896
2.7 8.368970798534662
2.71 9.601848658766144
2.7199999999999998 10.9112490187306
2.7300000000000004 12.294128542713679
2.74 13.74623011984221
2.75 15.26193160768642
2.76 16.834081876221603
2.7700000000000005 18.453823337992475
2.7800000000000002 20.110400108322096
2.79 21.790950897173047
2.8 23.480285687342814
2.8100000000000005 25.160645209732024
2.8200000000000003 26.81144217293422
2.83 28.408983159619368
2.84 29.92617004327201
2.8500000000000005 31.33217972821558
2.8600000000000003 32.59212095786893
2.87 33.66666687424379
2.88 34.51166195460212
2.8899999999999997 35.077701882785504
2.9000000000000004 35.3096848500885
2.91 35.14633270795912
2.92 34.51968032677087
2.9299999999999997 33.3545314382327
2.9400000000000004 31.56787916209919
2.95 29.068289341003037
2.96 25.75524471886638
2.9699999999999998 21.51844791847543
2.9800000000000004 16.237081080927055
2.99 9.779019938817783
3.0 1.9999999998872227
