-3.0 -0.9899924966004454
-2.99 -0.9919720344332691
-2.98 -0.9937419766782376
-2.97 -0.9953043599853104
-2.96 -0.9966612141814989
-2.95 -0.9978145622708666
-2.94 -0.9987664204345292
-2.93 -0.9995187980306541
-2.92 -1.0000736975944613
-2.91 -1.0004331148382224
-2.9 -1.0005990386512615
-2.89 -1.000573451099954
-2.88 -1.0003583274277283
-2.87 -0.9999556360550644
-2.86 -0.999367338579494
-2.85 -0.9985953897756017
-2.84 -0.9976417375950236
-2.83 -0.9965083231664478
-2.82 -0.9951970807956146
-2.81 -0.9937099379653168
-2.8 -0.9920488153353983
-2.79 -0.9902156267427561
-2.78 -0.9882122792013386
-2.77 -0.9860406729021465
-2.76 -0.9837027012132323
-2.75 -0.9812002506797012
-2.74 -0.9785352010237096
-2.73 -0.9757094251444666
-2.7199999999999998 -0.9727247891182329
-2.71 -0.969583152198322
-2.7 -0.9662863668150989
-2.69 -0.9628362785759804
-2.68 -0.9592347262654358
-2.67 -0.9554835418449865
-2.66 -0.9515845504532059
-2.65 -0.9475395704057192
-2.64 -0.943350413195204
-2.63 -0.9390188834913896
-2.62 -0.934546779141058
-2.61 -0.9299358911680422
-2.6 -0.9251880037732286
-2.59 -0.9203048943345546
-2.58 -0.9152883334070102
-2.57 -0.9101400847226371
-2.56 -0.9048619051905294
-2.55 -0.8994555448968329
-2.54 -0.8939227471047462
-2.53 -0.8882652482545188
-2.52 -0.8824847779634533
-2.51 -0.8765830590259036
-2.5 -0.8705618074132766
-2.49 -0.8644227322740304
-2.48 -0.8581675359336753
-2.4699999999999998 -0.851797913894774
-2.46 -0.8453155548369411
-2.45 -0.8387221406168434
-2.44 -0.8320193462681988
-2.4299999999999997 -0.8252088400017789
-2.42 -0.8182922832054065
-2.41 -0.8112713304439563
-2.4 -0.8041476294593547
-2.39 -0.7969228211705818
-2.38 -0.7895985396736678
-2.37 -0.7821764122416964
-2.36 -0.7746580593248023
-2.35 -0.7670450945501732
-2.34 -0.759339124722048
-2.33 -0.7515417498217187
-2.32 -0.743654563007528
-2.31 -0.7356791506148721
-2.3 -0.7276170921561981
-2.29 -0.719469960321006
-2.2800000000000002 -0.7112393209758474
-2.27 -0.7029267331643257
-2.26 -0.694533749107097
-2.25 -0.6860619142018693
-2.24 -0.6775127670234027
-2.23 -0.6688878393235085
-2.2199999999999998 -0.6601886560310513
-2.21 -0.6514167352519474
-2.2 -0.6425735882691649
-2.19 -0.6336607195427233
-2.1799999999999997 -0.6246796267096959
-2.17 -0.6156318005842069
-2.16 -0.6065187251574328
-2.15 -0.5973418775976014
-2.14 -0.588102728249994
-2.13 -0.5788027406369427
-2.12 -0.569443371457833
-2.11 -0.5600260705891007
-2.1 -0.5505522810842355
-2.09 -0.5410234391737774
-2.08 -0.5314409742653203
-2.07 -0.5218063089435082
-2.06 -0.5121208589700393
-2.05 -0.5023860332836617
-2.04 -0.49260323400017736
-2.0300000000000002 -0.48277385641243925
-2.02 -0.4728992889903522
-2.01 -0.46298091338087394
-2.0 -0.45302010440801455
-1.99 -0.44301823007283486
-1.98 -0.43297665155344844
-1.97 -0.42289672320502114
-1.96 -0.4127797925597705
-1.95 -0.4026272003269665
-1.94 -0.3924402803929307
-1.93 -0.3822203598210371
-1.92 -0.3719687588517117
-1.91 -0.3616867909024324
-1.9 -0.35137576256772934
-1.89 -0.34103697361918467
-1.88 -0.3306717170054324
-1.8699999999999999 -0.32028127885215907
-1.8599999999999999 -0.3098669384621027
-1.8499999999999999 -0.2994299683150539
-1.84 -0.2889716340678553
-1.83 -0.2784931945544009
-1.82 -0.2679959017856375
-1.81 -0.2574810009495637
-1.8 -0.2469497304112302
-1.79 -0.23640332171273987
-1.78 -0.22584299957324735
-1.77 -0.21526998188895968
-1.76 -0.20468547973313572
-1.75 -0.1940906973560864
-1.74 -0.18348683218517495
-1.73 -0.17287507482481626
-1.72 -0.16225660905647785
-1.71 -0.15163261183867877
-1.7 -0.14100425330699023
-1.69 -0.13037269677403585
-1.68 -0.11973909872949084
-1.67 -0.10910460884008291
-1.66 -0.09847036994959157
-1.65 -0.08783751807884826
-1.64 -0.07720718242573693
-1.63 -0.06658048536519309
-1.6199999999999999 -0.05595854244920481
-1.6099999999999999 -0.04534246240681183
-1.5999999999999999 -0.03473334714410596
-1.59 -0.024132291744231635
-1.58 -0.013540384467384302
-1.57 -0.0029587067508126275
-1.56 0.0076116667911836616
-1.55 0.01816966836725209
-1.54 0.028714237008988126
-1.53 0.039244318570935834
-1.52 0.04975886573058656
-1.51 0.06025683798837982
-1.5 0.07073720166770281
-1.49 0.08119892991489136
-1.48 0.09164100269922856
-1.47 0.10206240681294544
-1.46 0.11246213587122164
-1.45 0.12283919031218404
-1.44 0.13319257739690754
-1.43 0.14352131120941553
-1.42 0.15382441265667876
-1.41 0.1641009094686161
-1.4 0.17434983619809413
-1.39 0.18457023422092805
-1.38 0.1947611517358804
-1.3699999999999999 0.20492164376466152
-1.3599999999999999 0.21505077215193039
-1.3499999999999999 0.22514760556529334
-1.3399999999999999 0.23521121949530482
-1.33 0.24524069625546668
-1.32 0.2552351249822303
-1.31 0.26519360163499334
-1.3 0.2751152289961021
-1.29 0.28499911667085037
-1.28 0.29484438108748073
-1.27 0.304650145497183
-1.26 0.3144155399740948
-1.25 0.3241397014153026
-1.24 0.33382177354083986
-1.23 0.34346090689368836
-1.22 0.3530562588397777
-1.21 0.36260699356798576
-1.2 0.372112282090138
-1.19 0.38157130224100777
-1.18 0.3909832386783168
-1.17 0.4003472828827344
-1.16 0.4096626331578776
-1.15 0.4189284946303121
-1.14 0.42814407924955084
-1.13 0.4373086057880551
-1.1199999999999999 0.4464212998412335
-1.1099999999999999 0.45548139382744374
-1.0999999999999999 0.46448812698799036
-1.0899999999999999 0.47344074538712605
-1.08 0.48233850191205185
-1.07 0.49118065627291685
-1.06 0.49996647500281743
-1.05 0.5086952314577982
-1.04 0.5173662058168518
-1.03 0.5259786850819189
-1.02 0.5345319630778876
-1.01 0.5430253404525943
-1.0 0.5514581246768238
-0.9899999999999998 0.559829630044308
-0.98 0.5681391776717268
-0.9699999999999998 0.5763860954987093
-0.96 0.5845697182878304
-0.9500000000000002 0.5926893876246149
-0.94 0.6007444519175346
-0.9300000000000002 0.6087342663980091
-0.9199999999999999 0.6166581931204068
-0.9100000000000001 0.6245156009620426
-0.8999999999999999 0.6323058656231811
-0.8900000000000001 0.6400283696270332
-0.8799999999999999 0.6476825023197592
-0.8700000000000001 0.655267659870466
-0.8599999999999999 0.6627832452712096
-0.8500000000000001 0.6702286683369927
-0.8399999999999999 0.6776033457057672
-0.8300000000000001 0.6849067008384319
-0.8199999999999998 0.6921381640188349
-0.81 0.6992971723537699
-0.7999999999999998 0.7063831697729813
-0.79 0.7133956070291593
-0.7799999999999998 0.7203339416979433
-0.77 0.7271976381779199
-0.7599999999999998 0.7339861676906245
-0.75 0.7406990082805391
-0.7399999999999998 0.7473356448150948
-0.73 0.75389556898467
-0.7199999999999998 0.7603782793025919
-0.71 0.7667832811051343
-0.6999999999999997 0.77311008655152
-0.69 0.7793582146239192
-0.6800000000000002 0.7855271911274504
-0.6699999999999999 0.7916165486901802
-0.6600000000000001 0.7976258267631219
-0.6499999999999999 0.8035545716202387
-0.6400000000000001 0.8094023363584396
-0.6299999999999999 0.8151686808975835
-0.6200000000000001 0.8208531719804759
-0.6099999999999999 0.8264553831728711
-0.6000000000000001 0.8319748948634704
-0.5899999999999999 0.8374112942639239
-0.5800000000000001 0.8427641754088292
-0.5699999999999998 0.8480331391557323
-0.56 0.8532177931851261
-0.5499999999999998 0.8583177520004527
-0.54 0.8633326369281009
-0.5299999999999998 0.868262076117409
-0.52 0.8731057045406616
-0.5099999999999998 0.8778631639930927
-0.5 0.8825341030928826
-0.48999999999999977 0.887118177281161
-0.48 0.8916150488220049
-0.46999999999999975 0.8960243868024396
-0.45999999999999996 0.9003458671324374
-0.44999999999999973 0.9045791725449196
-0.43999999999999995 0.908723992595755
-0.43000000000000016 0.9127800236637602
-0.41999999999999993 0.9167469689507003
-0.41000000000000014 0.9206245384812878
-0.3999999999999999 0.9244124491031833
-0.3900000000000001 0.928110424486995
-0.3799999999999999 0.9317181951262796
-0.3700000000000001 0.9352354983375415
-0.3599999999999999 0.9386620782602333
-0.3500000000000001 0.9419976858567547
-0.33999999999999986 0.9452420789124544
-0.33000000000000007 0.9483950220356282
-0.31999999999999984 0.9514562866575204
-0.31000000000000005 0.954425651032323
-0.2999999999999998 0.9573029002371761
-0.29000000000000004 0.9600878261721673
-0.2799999999999998 0.9627802275603325
-0.27 0.9653799099476557
-0.2599999999999998 0.9678866857030686
-0.25 0.9703003740184505
-0.23999999999999977 0.9726208009086292
-0.22999999999999998 0.9748477992113802
-0.21999999999999975 0.9769812085874271
-0.20999999999999996 0.9790208755204411
-0.19999999999999973 0.9809666533170419
-0.18999999999999995 0.9828184021067964
-0.18000000000000016 0.9845759888422198
-0.16999999999999993 0.9862392872987753
-0.16000000000000014 0.9878081780748746
-0.1499999999999999 0.9892825485918759
-0.14000000000000012 0.9906622930940862
-0.1299999999999999 0.9919473126487612
-0.1200000000000001 0.9931375151461026
-0.10999999999999988 0.994232815299262
-0.10000000000000009 0.9952331346443384
-0.08999999999999986 0.9961384015403775
-0.08000000000000007 0.9969485511693741
-0.06999999999999984 0.9976635255362718
-0.06000000000000005 0.9982832734689596
-0.04999999999999982 0.9988077506182768
-0.040000000000000036 0.9992369194580095
-0.029999999999999805 0.999570749284892
-0.020000000000000018 0.9998092162186065
-0.009999999999999787 0.9999523032017832
0.0 0.9999999999999998
0.010000000000000231 0.9999523032017826
0.020000000000000018 0.9998092162186063
0.03000000000000025 0.9995707492848919
0.040000000000000036 0.9992369194580096
0.050000000000000266 0.9988077506182768
0.06000000000000005 0.9982832734689595
0.07000000000000028 0.997663525536272
0.08000000000000007 0.9969485511693743
0.08999999999999986 0.9961384015403778
0.10000000000000009 0.9952331346443384
0.10999999999999988 0.9942328152992621
0.1200000000000001 0.9931375151461024
0.1299999999999999 0.991947312648761
0.14000000000000012 0.9906622930940863
0.1499999999999999 0.9892825485918758
0.16000000000000014 0.9878081780748746
0.16999999999999993 0.9862392872987754
0.18000000000000016 0.9845759888422199
0.18999999999999995 0.9828184021067963
0.20000000000000018 0.9809666533170417
0.20999999999999996 0.9790208755204414
0.2200000000000002 0.976981208587427
0.22999999999999998 0.9748477992113799
0.2400000000000002 0.9726208009086293
0.25 0.9703003740184502
0.26000000000000023 0.9678866857030681
0.27 0.9653799099476555
0.28000000000000025 0.9627802275603324
0.29000000000000004 0.9600878261721674
0.30000000000000027 0.9573029002371762
0.31000000000000005 0.9544256510323229
0.3200000000000003 0.9514562866575207
0.33000000000000007 0.9483950220356283
0.33999999999999986 0.9452420789124542
0.3500000000000001 0.9419976858567548
0.3599999999999999 0.9386620782602331
0.3700000000000001 0.9352354983375414
0.3799999999999999 0.9317181951262798
0.3900000000000001 0.9281104244869948
0.3999999999999999 0.9244124491031835
0.41000000000000014 0.9206245384812877
0.41999999999999993 0.9167469689507002
0.43000000000000016 0.9127800236637605
0.43999999999999995 0.9087239925957549
0.4500000000000002 0.9045791725449194
0.45999999999999996 0.9003458671324374
0.4700000000000002 0.8960243868024393
0.48 0.8916150488220047
0.4900000000000002 0.8871181772811612
0.5 0.8825341030928825
0.5100000000000002 0.8778631639930924
0.52 0.8731057045406619
0.5300000000000002 0.868262076117409
0.54 0.8633326369281012
0.5500000000000003 0.8583177520004526
0.56 0.8532177931851259
0.5700000000000003 0.8480331391557318
0.5800000000000001 0.8427641754088293
0.5899999999999999 0.8374112942639239
0.6000000000000001 0.8319748948634706
0.6099999999999999 0.826455383172871
0.6200000000000001 0.8208531719804759
0.6299999999999999 0.8151686808975838
0.6400000000000001 0.8094023363584396
0.6499999999999999 0.8035545716202388
0.6600000000000001 0.7976258267631219
0.6699999999999999 0.79161654869018
0.6800000000000002 0.7855271911274502
0.69 0.7793582146239193
0.7000000000000002 0.7731100865515197
0.71 0.7667832811051343
0.7200000000000002 0.7603782793025917
0.73 0.75389556898467
0.7400000000000002 0.7473356448150947
0.75 0.740699008280539
0.7600000000000002 0.7339861676906241
0.77 0.7271976381779204
0.7800000000000002 0.7203339416979433
0.79 0.7133956070291589
0.8000000000000003 0.706383169772981
0.81 0.6992971723537698
0.8200000000000003 0.6921381640188341
0.8300000000000001 0.684906700838432
0.8399999999999999 0.6776033457057671
0.8500000000000001 0.670228668336993
0.8599999999999999 0.6627832452712096
0.8700000000000001 0.655267659870466
0.8799999999999999 0.6476825023197594
0.8900000000000001 0.6400283696270332
0.8999999999999999 0.632305865623181
0.9100000000000001 0.6245156009620426
0.9199999999999999 0.6166581931204065
0.9300000000000002 0.6087342663980088
0.94 0.6007444519175347
0.9500000000000002 0.5926893876246148
0.96 0.5845697182878309
0.9700000000000002 0.5763860954987091
0.98 0.568139177671727
0.9900000000000002 0.559829630044308
1.0 0.5514581246768238
1.0099999999999998 0.5430253404525944
1.0200000000000005 0.534531963077887
1.0300000000000002 0.5259786850819185
1.04 0.5173662058168518
1.0499999999999998 0.5086952314577985
1.0600000000000005 0.4999664750028172
1.0700000000000003 0.4911806562729166
1.08 0.48233850191205196
1.0899999999999999 0.4734407453871259
1.0999999999999996 0.46448812698799047
1.1100000000000003 0.45548139382744346
1.12 0.446421299841233
1.13 0.4373086057880552
1.1399999999999997 0.428144079249551
1.1500000000000004 0.4189284946303117
1.1600000000000001 0.40966263315787776
1.17 0.40034728288273425
1.1799999999999997 0.39098323867831736
1.1900000000000004 0.3815713022410077
1.2000000000000002 0.3721122820901379
1.21 0.362606993567986
1.2199999999999998 0.35305625883977776
1.2300000000000004 0.3434609068936877
1.2400000000000002 0.3338217735408393
1.25 0.3241397014153028
1.2599999999999998 0.3144155399740953
1.2700000000000005 0.3046501454971825
1.2800000000000002 0.29484438108748035
1.29 0.2849991166708502
1.2999999999999998 0.2751152289961025
1.3100000000000005 0.26519360163499317
1.3200000000000003 0.25523512498223033
1.33 0.24524069625546663
1.3399999999999999 0.2352112194953045
1.3500000000000005 0.22514760556529267
1.3600000000000003 0.2150507721519302
1.37 0.20492164376466165
1.38 0.1947611517358801
1.3899999999999997 0.184570234220928
1.4000000000000004 0.17434983619809377
1.4100000000000001 0.16410090946861602
1.42 0.15382441265667865
1.4299999999999997 0.14352131120941597
1.4400000000000004 0.13319257739690743
1.4500000000000002 0.12283919031218346
1.46 0.11246213587122132
1.4699999999999998 0.102062406812946
1.4800000000000004 0.09164100269922823
1.4900000000000002 0.08119892991489126
1.5 0.07073720166770281
1.5099999999999998 0.0602568379883796
1.5200000000000005 0.049758865730585966
1.5300000000000002 0.039244318570935674
1.54 0.02871423700898847
1.5499999999999998 0.01816966836725217
1.5600000000000005 0.007611666791183122
1.5700000000000003 -0.0029587067508130213
1.58 -0.013540384467384071
1.5899999999999999 -0.024132291744231094
1.6000000000000005 -0.034733347144106405
1.6100000000000003 -0.04534246240681225
1.62 -0.05595854244920555
1.63 -0.0665804853651927
1.6399999999999997 -0.07720718242573606
1.6500000000000004 -0.08783751807884853
1.6600000000000001 -0.09847036994959181
1.67 -0.1091046088400834
1.6799999999999997 -0.11973909872949118
1.6900000000000004 -0.1303726967740368
1.7000000000000002 -0.14100425330698993
1.71 -0.15163261183867865
1.7199999999999998 -0.1622566090564777
1.7300000000000004 -0.17287507482481665
1.7400000000000002 -0.18348683218517542
1.75 -0.19409069735608575
1.7599999999999998 -0.2046854797331353
1.7700000000000005 -0.21526998188896035
1.7800000000000002 -0.22584299957324758
1.79 -0.23640332171274042
1.7999999999999998 -0.2469497304112295
1.8100000000000005 -0.2574810009495641
1.8200000000000003 -0.2679959017856377
1.83 -0.278493194554401
1.8399999999999999 -0.28897163406785514
1.8500000000000005 -0.2994299683150547
1.8600000000000003 -0.30986693846210245
1.87 -0.320281278852159
1.88 -0.3306717170054322
1.8899999999999997 -0.3410369736191843
1.9000000000000004 -0.3513757625677299
1.9100000000000001 -0.361686790902433
1.92 -0.37196875885171177
1.9299999999999997 -0.38222035982103736
1.9400000000000004 -0.3924402803929312
1.9500000000000002 -0.4026272003269664
1.96 -0.4127797925597706
1.9699999999999998 -0.42289672320502053
1.9800000000000004 -0.4329766515534487
1.9900000000000002 -0.44301823007283503
2.0 -0.4530201044080144
2.01 -0.4629809133808742
2.0200000000000005 -0.4728992889903526
2.0300000000000002 -0.48277385641243853
2.04 -0.4926032340001769
2.05 -0.5023860332836614
2.0600000000000005 -0.51212085897004
2.0700000000000003 -0.5218063089435089
2.08 -0.5314409742653203
2.09 -0.5410234391737769
2.1000000000000005 -0.5505522810842354
2.1100000000000003 -0.5600260705891009
2.12 -0.5694433714578333
2.13 -0.5788027406369434
2.1399999999999997 -0.588102728249993
2.1500000000000004 -0.5973418775976016
2.16 -0.6065187251574324
2.17 -0.6156318005842073
2.1799999999999997 -0.6246796267096965
2.1900000000000004 -0.6336607195427246
2.2 -0.6425735882691643
2.21 -0.6514167352519471
2.2199999999999998 -0.6601886560310508
2.2300000000000004 -0.6688878393235088
2.24 -0.6775127670234036
2.25 -0.6860619142018689
2.26 -0.6945337491070963
2.2700000000000005 -0.7029267331643259
2.2800000000000002 -0.7112393209758476
2.29 -0.7194699603210064
2.3 -0.7276170921561975
2.3100000000000005 -0.7356791506148714
2.3200000000000003 -0.7436545630075284
2.33 -0.7515417498217181
2.34 -0.7593391247220478
2.3500000000000005 -0.7670450945501739
2.3600000000000003 -0.7746580593248025
2.37 -0.7821764122416959
2.38 -0.7895985396736678
2.3899999999999997 -0.7969228211705814
2.4000000000000004 -0.8041476294593557
2.41 -0.811271330443956
2.42 -0.818292283205406
2.4299999999999997 -0.8252088400017785
2.4400000000000004 -0.8320193462681993
2.45 -0.838722140616843
2.46 -0.8453155548369415
2.4699999999999998 -0.8517979138947738
2.4800000000000004 -0.8581675359336751
2.49 -0.8644227322740308
2.5 -0.870561807413277
2.51 -0.8765830590259034
2.5200000000000005 -0.8824847779634533
2.5300000000000002 -0.8882652482545179
2.54 -0.8939227471047464
2.55 -0.8994555448968329
2.5600000000000005 -0.9048619051905296
2.5700000000000003 -0.9101400847226369
2.58 -0.9152883334070103
2.59 -0.9203048943345549
2.6000000000000005 -0.925188003773229
2.6100000000000003 -0.9299358911680422
2.62 -0.9345467791410573
2.63 -0.9390188834913897
2.6399999999999997 -0.9433504131952029
2.6500000000000004 -0.9475395704057186
2.66 -0.9515845504532052
2.67 -0.9554835418449859
2.6799999999999997 -0.9592347262654357
2.6900000000000004 -0.9628362785759794
2.7 -0.9662863668150989
2.71 -0.9695831521983225
2.7199999999999998 -0.9727247891182333
2.7300000000000004 -0.9757094251444665
2.74 -0.9785352010237096
2.75 -0.9812002506797008
2.76 -0.9837027012132316
2.7700000000000005 -0.9860406729021465
2.7800000000000002 -0.9882122792013388
2.79 -0.9902156267427578
2.8 -0.9920488153353979
2.8100000000000005 -0.9937099379653165
2.8200000000000003 -0.9951970807956139
2.83 -0.9965083231664482
2.84 -0.9976417375950235
2.8500000000000005 -0.9985953897756019
2.8600000000000003 -0.9993673385794937
2.87 -0.9999556360550637
2.88 -1.000358327427727
2.8899999999999997 -1.0005734510999544
2.9000000000000004 -1.000599038651261
2.91 -1.0004331148382213
2.92 -1.0000736975944613
2.9299999999999997 -0.9995187980306546
2.9400000000000004 -0.9987664204345288
2.95 -0.9978145622708658
2.96 -0.9966612141814997
2.9699999999999998 -0.9953043599853095
2.9800000000000004 -0.9937419766782378
2.99 -0.9919720344332683
3.0 -0.9899924966004452
