-3.0 -0.9899924966004454
-2.99 -0.988531820827396
-2.98 -0.9869722926960376
-2.97 -0.9853140681578838
-2.96 -0.9835573130340064
-2.95 -0.9817022029984541
-2.94 -0.9797489235606842
-2.93 -0.9776976700470132
-2.92 -0.9755486475810826
-2.91 -0.9733020710633487
-2.9 -0.9709581651495905
-2.89 -0.9685171642284466
-2.88 -0.9659793123979747
-2.87 -0.9633448634412433
-2.86 -0.9606140808009522
-2.85 -0.9577872375530904
-2.84 -0.9548646163796264
-2.83 -0.9518465095402424
-2.82 -0.948733218843107
-2.81 -0.9455250556146959
-2.8 -0.9422223406686581
-2.79 -0.9388254042737362
-2.78 -0.9353345861207387
-2.77 -0.9317502352885721
-2.76 -0.9280727102093326
-2.75 -0.9243023786324636
-2.74 -0.9204396175879807
-2.73 -0.9164848133487693
-2.7199999999999998 -0.9124383613919579
-2.71 -0.9083006663593701
-2.7 -0.9040721420170612
-2.69 -0.8997532112139414
-2.68 -0.8953443058394921
-2.67 -0.8908458667805764
-2.66 -0.886258343877352
-2.65 -0.8815821958782859
-2.64 -0.8768178903942815
-2.63 -0.8719659038519165
-2.62 -0.8670267214458024
-2.61 -0.8620008370900635
-2.6 -0.8568887533689473
-2.59 -0.8516909814865655
-2.58 -0.8464080412157756
-2.57 -0.8410404608462014
-2.56 -0.8355887771314077
-2.55 -0.8300535352352221
-2.54 -0.8244352886772223
-2.53 -0.8187345992773816
-2.52 -0.81295203709989
-2.51 -0.8070881803961459
-2.5 -0.8011436155469337
-2.49 -0.7951189370037843
-2.48 -0.7890147472295311
-2.4699999999999998 -0.7828316566380651
-2.46 -0.776570283533293
-2.45 -0.7702312540473074
-2.44 -0.7638152020777741
-2.4299999999999997 -0.7573227692245434
-2.42 -0.7507546047254909
-2.41 -0.7441113653915925
-2.4 -0.7373937155412454
-2.39 -0.7306023269338372
-2.38 -0.7237378787025686
-2.37 -0.7168010572865429
-2.36 -0.7097925563621205
-2.35 -0.7027130767735539
-2.34 -0.695563326462902
-2.33 -0.6883440203992384
-2.32 -0.6810558805071525
-2.31 -0.6736996355945609
-2.3 -0.666276021279824
-2.29 -0.6587857799181878
-2.2800000000000002 -0.6512296605275458
-2.27 -0.6436084187135406
-2.26 -0.6359228165940024
-2.25 -0.6281736227227391
-2.24 -0.6203616120126798
-2.23 -0.6124875656583851
-2.2199999999999998 -0.6045522710579293
-2.21 -0.5965565217341599
-2.2 -0.5885011172553458
-2.19 -0.5803868631552218
-2.1799999999999997 -0.5722145708524364
-2.17 -0.5639850575694101
-2.16 -0.5556991462506127
-2.15 -0.547357665480271
-2.14 -0.5389614493995115
-2.13 -0.5305113376229448
-2.12 -0.5220081751547073
-2.11 -0.5134528123039594
-2.1 -0.5048461045998576
-2.09 -0.49618891270599885
-2.08 -0.4874821023343594
-2.07 -0.4787265441587198
-2.06 -0.4699231137276022
-2.05 -0.46107269137671275
-2.04 -0.45217616214091194
-2.0300000000000002 -0.4432344156657093
-2.02 -0.43424834611830043
-2.01 -0.4252188520981522
-2.0 -0.4161468365471424
-1.99 -0.4070332066592655
-1.98 -0.397878873789916
-1.97 -0.388684753364752
-1.96 -0.3794517647881545
-1.95 -0.3701808313512869
-1.94 -0.36087288013976715
-1.93 -0.35152884194095985
-1.92 -0.3421496511508982
-1.91 -0.33273624568084514
-1.9 -0.32328956686350335
-1.89 -0.31381055935888225
-1.88 -0.3043001710598332
-1.8699999999999999 -0.2947593529972608
-1.8599999999999999 -0.28518905924502064
-1.8499999999999999 -0.2755902468245127
-1.84 -0.2659638756089804
-1.83 -0.2563109082275227
-1.82 -0.24663230996883403
-1.81 -0.23692904868467468
-1.8 -0.2272020946930871
-1.79 -0.21745242068136464
-1.78 -0.2076810016087838
-1.77 -0.197888814609109
-1.76 -0.1880768388928801
-1.75 -0.17824605564949209
-1.74 -0.16839744794907702
-1.73 -0.15853200064419776
-1.72 -0.14865070027136365
-1.71 -0.13875453495237755
-1.7 -0.12884449429552464
-1.69 -0.11892156929661223
-1.68 -0.10898675223987112
-1.67 -0.09904103659872801
-1.66 -0.08908541693645897
-1.65 -0.07912088880673386
-1.64 -0.06914844865406194
-1.63 -0.059169093714148135
-1.6199999999999999 -0.04918382191417033
-1.6099999999999999 -0.039193631772987486
-1.5999999999999999 -0.029199522301288593
-1.59 -0.01920249290169265
-1.58 -0.009203543268808336
-1.57 0.0007963267107332633
-1.56 0.010796117058267392
-1.55 0.020794827803092428
-1.54 0.03079145908246612
-1.53 0.040785011241591035
-1.52 0.05077448493357918
-1.51 0.0607588812193859
-1.5 0.0707372016677029
-1.49 0.08070844845480063
-1.48 0.09067162446430968
-1.47 0.10062573338693173
-1.46 0.11056977982006959
-1.45 0.12050276936736662
-1.44 0.13042370873814554
-1.43 0.14033160584673673
-1.42 0.15022546991168584
-1.41 0.16010431155483126
-1.4 0.16996714290024104
-1.39 0.17981297767299959
-1.38 0.18964083129783446
-1.3699999999999999 0.19944972099757308
-1.3599999999999999 0.20923866589141948
-1.3499999999999999 0.21900668709304172
-1.3399999999999999 0.2287528078084596
-1.33 0.23847605343372313
-1.32 0.2481754516523729
-1.31 0.2578500325326696
-1.3 0.26749882862458735
-1.29 0.2771208750565576
-1.28 0.2867152096319555
-1.27 0.29628087292531874
-1.26 0.30581690837828934
-1.25 0.3153223623952687
-1.24 0.32479628443877623
-1.23 0.3342377271245026
-1.22 0.34364574631604705
-1.21 0.3530194012193304
-1.2 0.3623577544766736
-1.19 0.371659872260533
-1.18 0.38092482436688185
-1.17 0.3901516843082303
-1.16 0.3993395294062732
-1.15 0.4084874408841574
-1.14 0.4175945039583582
-1.13 0.4266598079301574
-1.1199999999999999 0.43568244627671227
-1.1099999999999999 0.44466151674170695
-1.0999999999999999 0.4535961214255775
-1.0899999999999999 0.462485366875301
-1.08 0.47132836417373997
-1.07 0.4801242290285341
-1.06 0.4888720818605275
-1.05 0.49757104789172696
-1.04 0.5062202572327784
-1.03 0.5148188449699553
-1.02 0.5233659512516495
-1.01 0.5318607213743555
-1.0 0.5403023058681398
-0.9899999999999998 0.5486898605815878
-0.98 0.5570225467662173
-0.9699999999999998 0.5652995311603545
-0.96 0.5735199860724567
-0.9500000000000002 0.5816830894638834
-0.94 0.5897880250310983
-0.9300000000000002 0.5978339822872981
-0.9199999999999999 0.6058201566434629
-0.9100000000000001 0.6137457494888114
-0.8999999999999999 0.6216099682706645
-0.8900000000000001 0.6294120265736968
-0.8799999999999999 0.6371511441985803
-0.8700000000000001 0.6448265472400011
-0.8599999999999999 0.6524374681640519
-0.8500000000000001 0.6599831458849821
-0.8399999999999999 0.6674628258413082
-0.8300000000000001 0.674875760071267
-0.8199999999999998 0.6822212072876137
-0.81 0.689498432951747
-0.7999999999999998 0.6967067093471655
-0.79 0.7038453156522361
-0.7799999999999998 0.7109135380122775
-0.77 0.7179106696109434
-0.7599999999999998 0.7248360107409053
-0.75 0.7316888688738209
-0.7399999999999998 0.738468558729588
-0.73 0.7451744023448704
-0.7199999999999998 0.7518057291408952
-0.71 0.7583618759905082
-0.6999999999999997 0.7648421872844886
-0.69 0.7712460149971067
-0.6800000000000002 0.7775727187509278
-0.6699999999999999 0.7838216658808493
-0.6600000000000001 0.789992231497365
-0.6499999999999999 0.7960837985490559
-0.6400000000000001 0.8020957578842925
-0.6299999999999999 0.808027508312152
-0.6200000000000001 0.8138784566625339
-0.6099999999999999 0.8196480178454796
-0.6000000000000001 0.8253356149096782
-0.5899999999999999 0.8309406791001636
-0.5800000000000001 0.8364626499151869
-0.5699999999999998 0.8419009751622688
-0.56 0.8472551110134161
-0.5499999999999998 0.8525245220595058
-0.54 0.8577086813638242
-0.5299999999999998 0.8628070705147611
-0.52 0.8678191796776499
-0.5099999999999998 0.8727445076457514
-0.5 0.8775825618903728
-0.48999999999999977 0.8823328586101216
-0.48 0.8869949227792842
-0.46999999999999975 0.8915682881953291
-0.45999999999999996 0.8960524975255253
-0.44999999999999973 0.900447102352677
-0.43999999999999995 0.9047516632199635
-0.43000000000000016 0.9089657496748851
-0.41999999999999993 0.9130889403123083
-0.41000000000000014 0.917120822816605
-0.3999999999999999 0.9210609940028851
-0.3900000000000001 0.924909059857313
-0.3799999999999999 0.9286646355765102
-0.3700000000000001 0.9323273456060344
-0.3599999999999999 0.9358968236779349
-0.3500000000000001 0.9393727128473789
-0.33999999999999986 0.9427546655283463
-0.33000000000000007 0.9460423435283869
-0.31999999999999984 0.9492354180824409
-0.31000000000000005 0.9523335698857134
-0.2999999999999998 0.9553364891256061
-0.29000000000000004 0.9582438755126972
-0.2799999999999998 0.961055438310771
-0.27 0.9637708963658905
-0.2599999999999998 0.9663899781345133
-0.25 0.9689124217106447
-0.23999999999999977 0.9713379748520297
-0.22999999999999998 0.9736663950053749
-0.21999999999999975 0.9758974493306055
-0.20999999999999996 0.9780309147241483
-0.19999999999999973 0.9800665778412417
-0.18999999999999995 0.9820042351172703
-0.18000000000000016 0.9838436927881213
-0.16999999999999993 0.9855847669095608
-0.16000000000000014 0.9872272833756269
-0.1499999999999999 0.9887710779360424
-0.14000000000000012 0.9902159962126371
-0.1299999999999999 0.9915618937147881
-0.1200000000000001 0.9928086358538663
-0.10999999999999988 0.9939560979566968
-0.10000000000000009 0.9950041652780257
-0.08999999999999986 0.9959527330119943
-0.08000000000000007 0.9968017063026193
-0.06999999999999984 0.9975510002532796
-0.06000000000000005 0.9982005399352042
-0.04999999999999982 0.9987502603949663
-0.040000000000000036 0.9992001066609779
-0.029999999999999805 0.9995500337489875
-0.020000000000000018 0.9998000066665778
-0.009999999999999787 0.9999500004166653
0.0 1.0
0.010000000000000231 0.9999500004166653
0.020000000000000018 0.9998000066665778
0.03000000000000025 0.9995500337489875
0.040000000000000036 0.9992001066609779
0.050000000000000266 0.9987502603949663
0.06000000000000005 0.9982005399352042
0.07000000000000028 0.9975510002532796
0.08000000000000007 0.9968017063026193
0.08999999999999986 0.9959527330119943
0.10000000000000009 0.9950041652780257
0.10999999999999988 0.9939560979566968
0.1200000000000001 0.9928086358538663
0.1299999999999999 0.9915618937147881
0.14000000000000012 0.9902159962126371
0.1499999999999999 0.9887710779360424
0.16000000000000014 0.9872272833756269
0.16999999999999993 0.9855847669095608
0.18000000000000016 0.9838436927881213
0.18999999999999995 0.9820042351172703
0.20000000000000018 0.9800665778412416
0.20999999999999996 0.9780309147241483
0.2200000000000002 0.9758974493306054
0.22999999999999998 0.9736663950053749
0.2400000000000002 0.9713379748520296
0.25 0.9689124217106447
0.26000000000000023 0.9663899781345132
0.27 0.9637708963658905
0.28000000000000025 0.9610554383107709
0.29000000000000004 0.9582438755126972
0.30000000000000027 0.955336489125606
0.31000000000000005 0.9523335698857134
0.3200000000000003 0.9492354180824408
0.33000000000000007 0.9460423435283869
0.33999999999999986 0.9427546655283463
0.3500000000000001 0.9393727128473789
0.3599999999999999 0.9358968236779349
0.3700000000000001 0.9323273456060344
0.3799999999999999 0.9286646355765102
0.3900000000000001 0.924909059857313
0.3999999999999999 0.9210609940028851
0.41000000000000014 0.917120822816605
0.41999999999999993 0.9130889403123083
0.43000000000000016 0.9089657496748851
0.43999999999999995 0.9047516632199635
0.4500000000000002 0.9004471023526769
0.45999999999999996 0.8960524975255253
0.4700000000000002 0.8915682881953289
0.48 0.8869949227792842
0.4900000000000002 0.8823328586101213
0.5 0.8775825618903728
0.5100000000000002 0.8727445076457512
0.52 0.8678191796776499
0.5300000000000002 0.8628070705147609
0.54 0.8577086813638242
0.5500000000000003 0.8525245220595056
0.56 0.8472551110134161
0.5700000000000003 0.8419009751622686
0.5800000000000001 0.8364626499151869
0.5899999999999999 0.8309406791001636
0.6000000000000001 0.8253356149096782
0.6099999999999999 0.8196480178454796
0.6200000000000001 0.8138784566625339
0.6299999999999999 0.808027508312152
0.6400000000000001 0.8020957578842925
0.6499999999999999 0.7960837985490559
0.6600000000000001 0.789992231497365
0.6699999999999999 0.7838216658808493
0.6800000000000002 0.7775727187509278
0.69 0.7712460149971067
0.7000000000000002 0.7648421872844883
0.71 0.7583618759905082
0.7200000000000002 0.7518057291408948
0.73 0.7451744023448704
0.7400000000000002 0.7384685587295877
0.75 0.7316888688738209
0.7600000000000002 0.724836010740905
0.77 0.7179106696109434
0.7800000000000002 0.7109135380122772
0.79 0.7038453156522361
0.8000000000000003 0.6967067093471653
0.81 0.689498432951747
0.8200000000000003 0.6822212072876134
0.8300000000000001 0.674875760071267
0.8399999999999999 0.6674628258413082
0.8500000000000001 0.6599831458849821
0.8599999999999999 0.6524374681640519
0.8700000000000001 0.6448265472400011
0.8799999999999999 0.6371511441985803
0.8900000000000001 0.6294120265736968
0.8999999999999999 0.6216099682706645
0.9100000000000001 0.6137457494888114
0.9199999999999999 0.6058201566434629
0.9300000000000002 0.5978339822872981
0.94 0.5897880250310983
0.9500000000000002 0.5816830894638834
0.96 0.5735199860724567
0.9700000000000002 0.5652995311603541
0.98 0.5570225467662173
0.9900000000000002 0.5486898605815874
1.0 0.5403023058681398
1.0099999999999998 0.5318607213743556
1.0200000000000005 0.5233659512516492
1.0300000000000002 0.5148188449699551
1.04 0.5062202572327784
1.0499999999999998 0.4975710478917271
1.0600000000000005 0.4888720818605271
1.0700000000000003 0.48012422902853386
1.08 0.47132836417373997
1.0899999999999999 0.462485366875301
1.0999999999999996 0.4535961214255777
1.1100000000000003 0.44466151674170656
1.12 0.4356824462767121
1.13 0.4266598079301574
1.1399999999999997 0.4175945039583584
1.1500000000000004 0.40848744088415695
1.1600000000000001 0.39933952940627304
1.17 0.3901516843082303
1.1799999999999997 0.380924824366882
1.1900000000000004 0.3716598722605326
1.2000000000000002 0.3623577544766734
1.21 0.3530194012193304
1.2199999999999998 0.3436457463160473
1.2300000000000004 0.33423772712450217
1.2400000000000002 0.32479628443877606
1.25 0.3153223623952687
1.2599999999999998 0.3058169083782895
1.2700000000000005 0.2962808729253183
1.2800000000000002 0.2867152096319553
1.29 0.2771208750565576
1.2999999999999998 0.26749882862458757
1.3100000000000005 0.2578500325326692
1.3200000000000003 0.24817545165237268
1.33 0.23847605343372313
1.3399999999999999 0.2287528078084596
1.3500000000000005 0.21900668709304105
1.3600000000000003 0.20923866589141904
1.37 0.19944972099757285
1.38 0.18964083129783446
1.3899999999999997 0.17981297767299978
1.4000000000000004 0.1699671429002406
1.4100000000000001 0.16010431155483104
1.42 0.15022546991168584
1.4299999999999997 0.14033160584673696
1.4400000000000004 0.1304237087381451
1.4500000000000002 0.1205027693673664
1.46 0.11056977982006959
1.4699999999999998 0.10062573338693195
1.4800000000000004 0.09067162446430924
1.4900000000000002 0.08070844845480041
1.5 0.0707372016677029
1.5099999999999998 0.06075888121938612
1.5200000000000005 0.05077448493357874
1.5300000000000002 0.04078501124159081
1.54 0.03079145908246612
1.5499999999999998 0.02079482780309265
1.5600000000000005 0.010796117058266948
1.5700000000000003 0.0007963267107330413
1.58 -0.009203543268808336
1.5899999999999999 -0.019202492901692427
1.6000000000000005 -0.02919952230128926
1.6100000000000003 -0.03919363177298793
1.62 -0.049183821914170554
1.63 -0.059169093714148135
1.6399999999999997 -0.06914844865406172
1.6500000000000004 -0.0791208888067343
1.6600000000000001 -0.08908541693645919
1.67 -0.09904103659872801
1.6799999999999997 -0.1089867522398709
1.6900000000000004 -0.11892156929661266
1.7000000000000002 -0.12884449429552486
1.71 -0.13875453495237755
1.7199999999999998 -0.14865070027136343
1.7300000000000004 -0.1585320006441982
1.7400000000000002 -0.1683974479490772
1.75 -0.17824605564949209
1.7599999999999998 -0.1880768388928799
1.7700000000000005 -0.19788881460910945
1.7800000000000002 -0.20768100160878403
1.79 -0.21745242068136464
1.7999999999999998 -0.2272020946930869
1.8100000000000005 -0.23692904868467513
1.8200000000000003 -0.24663230996883423
1.83 -0.2563109082275227
1.8399999999999999 -0.26596387560898016
1.8500000000000005 -0.2755902468245134
1.8600000000000003 -0.2851890592450211
1.87 -0.294759352997261
1.88 -0.3043001710598332
1.8899999999999997 -0.313810559358882
1.9000000000000004 -0.32328956686350374
1.9100000000000001 -0.33273624568084537
1.92 -0.3421496511508982
1.9299999999999997 -0.3515288419409596
1.9400000000000004 -0.3608728801397676
1.9500000000000002 -0.3701808313512871
1.96 -0.3794517647881545
1.9699999999999998 -0.38868475336475183
1.9800000000000004 -0.3978788737899164
1.9900000000000002 -0.40703320665926573
2.0 -0.4161468365471424
2.01 -0.4252188520981522
2.0200000000000005 -0.4342483461183009
2.0300000000000002 -0.4432344156657093
2.04 -0.45217616214091194
2.05 -0.46107269137671275
2.0600000000000005 -0.4699231137276026
2.0700000000000003 -0.4787265441587202
2.08 -0.4874821023343594
2.09 -0.49618891270599885
2.1000000000000005 -0.5048461045998579
2.1100000000000003 -0.5134528123039599
2.12 -0.5220081751547073
2.13 -0.5305113376229448
2.1399999999999997 -0.5389614493995112
2.1500000000000004 -0.5473576654802714
2.16 -0.5556991462506127
2.17 -0.5639850575694101
2.1799999999999997 -0.5722145708524364
2.1900000000000004 -0.5803868631552223
2.2 -0.5885011172553458
2.21 -0.5965565217341599
2.2199999999999998 -0.6045522710579293
2.2300000000000004 -0.6124875656583856
2.24 -0.6203616120126798
2.25 -0.6281736227227391
2.26 -0.6359228165940024
2.2700000000000005 -0.6436084187135409
2.2800000000000002 -0.6512296605275458
2.29 -0.6587857799181878
2.3 -0.666276021279824
2.3100000000000005 -0.6736996355945613
2.3200000000000003 -0.6810558805071528
2.33 -0.6883440203992384
2.34 -0.695563326462902
2.3500000000000005 -0.7027130767735542
2.3600000000000003 -0.7097925563621208
2.37 -0.7168010572865429
2.38 -0.7237378787025686
2.3899999999999997 -0.730602326933837
2.4000000000000004 -0.7373937155412458
2.41 -0.7441113653915925
2.42 -0.7507546047254909
2.4299999999999997 -0.7573227692245434
2.4400000000000004 -0.7638152020777743
2.45 -0.7702312540473074
2.46 -0.776570283533293
2.4699999999999998 -0.7828316566380651
2.4800000000000004 -0.7890147472295314
2.49 -0.7951189370037843
2.5 -0.8011436155469337
2.51 -0.8070881803961459
2.5200000000000005 -0.8129520370998903
2.5300000000000002 -0.8187345992773818
2.54 -0.8244352886772223
2.55 -0.8300535352352221
2.5600000000000005 -0.8355887771314079
2.5700000000000003 -0.8410404608462017
2.58 -0.8464080412157756
2.59 -0.8516909814865655
2.6000000000000005 -0.8568887533689475
2.6100000000000003 -0.8620008370900637
2.62 -0.8670267214458024
2.63 -0.8719659038519165
2.6399999999999997 -0.8768178903942813
2.6500000000000004 -0.8815821958782861
2.66 -0.886258343877352
2.67 -0.8908458667805764
2.6799999999999997 -0.8953443058394919
2.6900000000000004 -0.8997532112139416
2.7 -0.9040721420170612
2.71 -0.9083006663593701
2.7199999999999998 -0.9124383613919579
2.7300000000000004 -0.9164848133487695
2.74 -0.9204396175879807
2.75 -0.9243023786324636
2.76 -0.9280727102093326
2.7700000000000005 -0.9317502352885724
2.7800000000000002 -0.9353345861207388
2.79 -0.9388254042737362
2.8 -0.9422223406686581
2.8100000000000005 -0.945525055614696
2.8200000000000003 -0.9487332188431071
2.83 -0.9518465095402424
2.84 -0.9548646163796264
2.8500000000000005 -0.9577872375530905
2.8600000000000003 -0.9606140808009523
2.87 -0.9633448634412433
2.88 -0.9659793123979747
2.8899999999999997 -0.9685171642284465
2.9000000000000004 -0.9709581651495907
2.91 -0.9733020710633487
2.92 -0.9755486475810826
2.9299999999999997 -0.9776976700470131
2.9400000000000004 -0.9797489235606843
2.95 -0.9817022029984541
2.96 -0.9835573130340064
2.9699999999999998 -0.9853140681578837
2.9800000000000004 -0.9869722926960377
2.99 -0.988531820827396
3.0 -0.9899924966004454
